0.000000 2.079007 3.138525 2.341560 2.028853 2.299732 2.137665 2.494759 2.907685 3.337406 3.513411 3.423972 4.925319 4.115201 2.925275 4.689144 4.147152 4.356999 4.119582 4.660506 
2.079007 0.000000 2.665112 2.140786 1.736004 1.341860 1.368107 1.486132 1.626800 1.997493 3.397591 3.875024 3.852721 3.082838 3.440660 4.805251 3.806605 4.438806 2.796087 3.694919 
3.138525 2.665112 0.000000 2.320662 2.160970 2.778628 2.399897 2.668927 3.021519 3.335342 3.300696 2.881612 5.311961 4.522701 3.840044 5.446607 4.175743 4.758927 4.224180 4.768950 
2.341560 2.140786 2.320662 0.000000 1.766685 1.927892 2.052942 1.980264 2.428876 2.791544 4.315918 4.247028 4.862489 4.158017 3.600742 4.923825 4.032305 4.709437 3.845767 4.580270 
2.028853 1.736004 2.160970 1.766685 0.000000 1.188881 1.566385 1.093466 1.742007 2.177561 4.018650 4.292395 4.586510 3.842601 3.174528 4.866284 4.361520 4.988541 3.466857 4.206865 
2.299732 1.341860 2.778628 1.927892 1.188881 0.000000 1.385450 0.968236 1.184928 1.683501 3.719834 4.508466 3.989352 3.284911 3.379266 4.816149 3.733756 4.366920 3.024259 3.769220 
2.137665 1.368107 2.399897 2.052942 1.566385 1.385450 0.000000 1.250631 1.330230 1.730834 3.277234 3.511259 3.821344 2.953212 3.335711 4.702463 3.424784 3.966760 2.773719 3.399973 
2.494759 1.486132 2.668927 1.980264 1.093466 0.968236 1.250631 0.000000 1.132418 1.414794 3.853081 4.373784 3.880574 3.155162 3.323633 4.708942 3.848996 4.592256 2.910495 3.689739 
2.907685 1.626800 3.021519 2.428876 1.742007 1.184928 1.330230 1.132418 0.000000 1.248113 3.812799 4.647890 3.494785 2.711392 3.884555 5.219152 3.873628 4.659238 2.538424 3.456298 
3.337406 1.997493 3.335342 2.791544 2.177561 1.683501 1.730834 1.414794 1.248113 0.000000 4.003792 4.424838 3.445384 2.522654 3.842286 5.023431 3.741192 4.627587 2.141703 3.070196 
3.513411 3.397591 3.300696 4.315918 4.018650 3.719834 3.277234 3.853081 3.812799 4.003792 0.000000 2.141470 4.437836 3.560079 4.551802 5.982660 3.541133 3.859149 3.714846 3.818123 
3.423972 3.875024 2.881612 4.247028 4.292395 4.508466 3.511259 4.373784 4.647890 4.424838 2.141470 0.000000 5.112020 4.428039 3.870465 5.456426 2.648855 2.978273 4.107849 4.403241 
4.925319 3.852721 5.311961 4.862489 4.586510 3.989352 3.821344 3.880574 3.494785 3.445384 4.437836 5.112020 0.000000 1.877090 4.961079 5.484952 4.596628 5.067223 2.199737 2.208331 
4.115201 3.082838 4.522701 4.158017 3.842601 3.284911 2.953212 3.155162 2.711392 2.522654 3.560079 4.428039 1.877090 0.000000 4.409648 5.266565 4.219675 4.730133 1.548013 1.733331 
2.925275 3.440660 3.840044 3.600742 3.174528 3.379266 3.335711 3.323633 3.884555 3.842286 4.551802 3.870465 4.961079 4.409648 0.000000 2.423224 3.883969 4.344256 4.337705 5.017747 
4.689144 4.805251 5.446607 4.923825 4.866284 4.816149 4.702463 4.708942 5.219152 5.023431 5.982660 5.456426 5.484952 5.266565 2.423224 0.000000 4.598074 4.718850 5.312126 5.604607 
4.147152 3.806605 4.175743 4.032305 4.361520 3.733756 3.424784 3.848996 3.873628 3.741192 3.541133 2.648855 4.596628 4.219675 3.883969 4.598074 0.000000 1.018297 3.773876 4.256141 
4.356999 4.438806 4.758927 4.709437 4.988541 4.366920 3.966760 4.592256 4.659238 4.627587 3.859149 2.978273 5.067223 4.730133 4.344256 4.718850 1.018297 0.000000 4.376116 4.681885 
4.119582 2.796087 4.224180 3.845767 3.466857 3.024259 2.773719 2.910495 2.538424 2.141703 3.714846 4.107849 2.199737 1.548013 4.337705 5.312126 3.773876 4.376116 0.000000 1.453290 
4.660506 3.694919 4.768950 4.580270 4.206865 3.769220 3.399973 3.689739 3.456298 3.070196 3.818123 4.403241 2.208331 1.733331 5.017747 5.604607 4.256141 4.681885 1.453290 0.000000 
