0.000000 2.729933 2.626865 3.477083 11.359240 3.747160 3.496213 3.701766 3.312726 3.425734 5.202064 5.025643 14.590750 9.453253 7.044420 7.419827 7.156567 5.707760 5.884565 5.538857 
2.729933 0.000000 2.623091 2.980873 10.156180 3.609526 3.843473 3.403392 3.881205 3.681294 4.981513 4.462164 14.959790 9.340896 6.826089 7.752583 7.372533 5.515624 5.726651 5.216884 
2.626865 2.623091 0.000000 2.539545 12.667970 2.925820 3.707310 2.988573 3.670218 4.027696 5.777706 5.465598 15.462360 10.009880 7.860486 8.390422 7.723004 6.369094 6.634365 6.106161 
3.477083 2.980873 2.539545 0.000000 10.834610 3.402949 3.717598 2.112598 3.458482 3.770982 4.672038 3.899930 13.988180 9.271900 6.991464 7.783996 7.671449 5.207465 5.538609 4.878290 
11.359240 10.156180 12.667970 10.834610 0.000000 9.640728 9.093929 8.113519 9.645839 8.705514 9.768198 10.668420 11.701100 11.778040 10.493190 10.880100 11.311650 8.413560 8.547785 8.599473 
3.747160 3.609526 2.925820 3.402949 9.640728 0.000000 1.743828 1.992262 2.399820 2.805399 4.453082 4.258625 12.438750 7.887041 7.083990 7.920214 6.889202 5.341569 5.201252 5.164864 
3.496213 3.843473 3.707310 3.717598 9.093929 1.743828 0.000000 2.115942 1.478625 2.120534 3.847502 3.911430 10.935690 8.115977 6.673310 6.525597 6.198141 4.651135 3.962347 4.262984 
3.701766 3.403392 2.988573 2.112598 8.113519 1.992262 2.115942 0.000000 2.621447 2.901792 4.510261 4.364772 12.083620 8.609596 6.478173 6.727176 6.365857 4.447768 4.915045 4.719267 
3.312726 3.881205 3.670218 3.458482 9.645839 2.399820 1.478625 2.621447 0.000000 2.347234 4.147566 4.448842 12.712090 8.718668 7.092542 6.366538 6.615593 4.958536 4.471478 4.527709 
3.425734 3.681294 4.027696 3.770982 8.705514 2.805399 2.120534 2.901792 2.347234 0.000000 4.427492 4.267463 12.042560 8.768431 5.729210 6.636130 6.465541 4.495621 4.485686 4.366557 
5.202064 4.981513 5.777706 4.672038 9.768198 4.453082 3.847502 4.510261 4.147566 4.427492 0.000000 2.880947 13.209030 6.646686 6.594687 8.112023 7.418776 4.976163 4.388128 4.410162 
5.025643 4.462164 5.465598 3.899930 10.668420 4.258625 3.911430 4.364772 4.448842 4.267463 2.880947 0.000000 13.364430 7.868472 6.846363 8.178066 7.852264 6.147201 5.462648 5.248587 
14.590750 14.959790 15.462360 13.988180 11.701100 12.438750 10.935690 12.083620 12.712090 12.042560 13.209030 13.364430 0.000000 8.575183 10.666150 10.623990 9.858145 9.697518 9.076263 9.719828 
9.453253 9.340896 10.009880 9.271900 11.778040 7.887041 8.115977 8.609596 8.718668 8.768431 6.646686 7.868472 8.575183 0.000000 9.827246 9.233797 6.554716 8.022903 7.006669 7.212245 
7.044420 6.826089 7.860486 6.991464 10.493190 7.083990 6.673310 6.478173 7.092542 5.729210 6.594687 6.846363 10.666150 9.827246 0.000000 5.885052 7.622868 6.199686 6.213156 5.880977 
7.419827 7.752583 8.390422 7.783996 10.880100 7.920214 6.525597 6.727176 6.366538 6.636130 8.112023 8.178066 10.623990 9.233797 5.885052 0.000000 5.766888 7.775487 7.549658 7.307976 
7.156567 7.372533 7.723004 7.671449 11.311650 6.889202 6.198141 6.365857 6.615593 6.465541 7.418776 7.852264 9.858145 6.554716 7.622868 5.766888 0.000000 6.547502 5.970287 6.164667 
5.707760 5.515624 6.369094 5.207465 8.413560 5.341569 4.651135 4.447768 4.958536 4.495621 4.976163 6.147201 9.697518 8.022903 6.199686 7.775487 6.547502 0.000000 1.214841 1.141772 
5.884565 5.726651 6.634365 5.538609 8.547785 5.201252 3.962347 4.915045 4.471478 4.485686 4.388128 5.462648 9.076263 7.006669 6.213156 7.549658 5.970287 1.214841 0.000000 0.866154 
5.538857 5.216884 6.106161 4.878290 8.599473 5.164864 4.262984 4.719267 4.527709 4.366557 4.410162 5.248587 9.719828 7.212245 5.880977 7.307976 6.164667 1.141772 0.866154 0.000000 
