0.000000 0.577794 0.872946 1.041259 1.428363 0.905564 1.333773 1.357640 1.174121 1.216118 1.854562 1.970871 3.155785 2.808047 4.925027 5.270846 1.874737 3.010019 3.043173 2.789090 
0.577794 0.000000 0.679311 0.950691 1.679242 0.875611 1.157900 1.066933 1.048936 1.230046 2.198632 2.184608 3.188329 2.849591 5.009312 5.151134 2.080543 3.081434 3.314516 3.101662 
0.872946 0.679311 0.000000 0.871261 1.546161 0.918744 1.082060 0.930477 1.322746 1.390013 2.678943 2.483926 3.531744 2.982593 5.089271 4.994027 2.124313 3.820564 3.960817 3.765352 
1.041259 0.950691 0.871261 0.000000 1.592811 0.782556 1.241388 1.031295 0.979709 1.134987 2.330229 2.120270 3.807633 3.255911 5.338865 5.334991 2.278279 3.987840 4.339885 4.066369 
1.428363 1.679242 1.546161 1.592811 0.000000 1.440008 1.713399 1.535755 1.646751 1.409827 2.153045 2.305855 3.669501 3.322710 5.112220 5.458924 2.279795 3.626847 3.741933 3.450710 
0.905564 0.875611 0.918744 0.782556 1.440008 0.000000 0.903412 0.777680 1.087206 0.994866 2.296126 2.209828 3.519214 3.001345 4.953988 5.206032 1.933686 3.274977 3.657840 3.279828 
1.333773 1.157900 1.082060 1.241388 1.713399 0.903412 0.000000 1.055154 1.322988 1.663479 2.764066 2.535758 3.136963 2.497933 4.454641 4.593233 1.809629 2.997282 3.283032 2.945096 
1.357640 1.066933 0.930477 1.031295 1.535755 0.777680 1.055154 0.000000 1.068564 1.178308 2.362498 2.341957 3.306192 2.885117 4.634511 4.989411 1.914229 3.093760 3.474985 3.399146 
1.174121 1.048936 1.322746 0.979709 1.646751 1.087206 1.322988 1.068564 0.000000 1.052161 2.245209 2.392007 3.215068 2.723326 5.135066 5.136341 2.098487 3.131489 3.455489 3.063624 
1.216118 1.230046 1.390013 1.134987 1.409827 0.994866 1.663479 1.178308 1.052161 0.000000 1.819863 2.225215 3.701972 3.261812 5.306103 5.954852 2.297582 3.634285 3.998185 3.846617 
1.854562 2.198632 2.678943 2.330229 2.153045 2.296126 2.764066 2.362498 2.245209 1.819863 0.000000 1.345340 3.601905 3.569938 5.431204 6.226180 2.422280 3.540906 3.899849 3.763301 
1.970871 2.184608 2.483926 2.120270 2.305855 2.209828 2.535758 2.341957 2.392007 2.225215 1.345340 0.000000 3.528797 2.987764 5.060305 5.893843 2.400339 3.473210 3.730315 3.559007 
3.155785 3.188329 3.531744 3.807633 3.669501 3.519214 3.136963 3.306192 3.215068 3.701972 3.601905 3.528797 0.000000 1.851740 3.784585 4.053844 2.763197 2.855032 2.841570 2.786154 
2.808047 2.849591 2.982593 3.255911 3.322710 3.001345 2.497933 2.885117 2.723326 3.261812 3.569938 2.987764 1.851740 0.000000 4.423447 4.328107 2.579815 3.194767 3.402870 3.120743 
4.925027 5.009312 5.089271 5.338865 5.112220 4.953988 4.454641 4.634511 5.135066 5.306103 5.431204 5.060305 3.784585 4.423447 0.000000 2.943583 3.994784 3.970119 4.482319 4.319333 
5.270846 5.151134 4.994027 5.334991 5.458924 5.206032 4.593233 4.989411 5.136341 5.954852 6.226180 5.893843 4.053844 4.328107 2.943583 0.000000 4.386043 4.958390 5.725590 5.225904 
1.874737 2.080543 2.124313 2.278279 2.279795 1.933686 1.809629 1.914229 2.098487 2.297582 2.422280 2.400339 2.763197 2.579815 3.994784 4.386043 0.000000 2.685791 2.678536 2.437104 
3.010019 3.081434 3.820564 3.987840 3.626847 3.274977 2.997282 3.093760 3.131489 3.634285 3.540906 3.473210 2.855032 3.194767 3.970119 4.958390 2.685791 0.000000 1.246280 1.056383 
3.043173 3.314516 3.960817 4.339885 3.741933 3.657840 3.283032 3.474985 3.455489 3.998185 3.899849 3.730315 2.841570 3.402870 4.482319 5.725590 2.678536 1.246280 0.000000 0.876178 
2.789090 3.101662 3.765352 4.066369 3.450710 3.279828 2.945096 3.399146 3.063624 3.846617 3.763301 3.559007 2.786154 3.120743 4.319333 5.225904 2.437104 1.056383 0.876178 0.000000 
