0.000000 2.132541 2.527110 2.062907 1.830110 2.362120 1.835714 1.873528 1.586934 1.748233 9.202130 7.949752 6.598414 6.114302 2.188464 3.212264 2.485090 3.341467 5.237302 4.696043 
2.132541 0.000000 2.465272 1.380646 2.889533 2.767493 2.562768 2.516329 2.150879 2.171566 8.797878 7.679548 6.129237 5.478239 2.385906 3.874340 3.058624 3.809103 6.194350 5.559475 
2.527110 2.465272 0.000000 1.965895 2.635415 2.289931 2.425709 2.304415 1.600851 2.357285 7.391588 6.516977 6.043390 4.530730 1.862497 2.534179 2.602003 2.860043 5.216195 4.798458 
2.062907 1.380646 1.965895 0.000000 2.374121 1.941804 2.521341 2.143916 1.705391 2.256833 8.675976 7.296204 6.412633 5.357382 2.058708 3.770149 3.025401 3.353994 6.216465 5.688978 
1.830110 2.889533 2.635415 2.374121 0.000000 2.062498 2.394333 2.370680 1.945607 1.864857 9.119052 7.774942 7.279477 6.941654 2.429168 3.778759 3.440581 3.580028 5.078800 4.742457 
2.362120 2.767493 2.289931 1.941804 2.062498 0.000000 2.139469 1.720120 1.182033 1.522471 8.469290 7.006989 6.240090 5.458775 1.817519 3.393011 2.852331 2.313522 4.379501 4.266954 
1.835714 2.562768 2.425709 2.521341 2.394333 2.139469 0.000000 1.334381 1.256017 1.166266 8.318403 7.036872 5.940419 4.984166 1.678594 2.420365 1.896656 2.426931 4.360479 3.997657 
1.873528 2.516329 2.304415 2.143916 2.370680 1.720120 1.334381 0.000000 1.089518 1.379623 8.736978 6.792809 5.564207 4.599664 1.313475 2.556989 1.719485 1.834041 4.306909 3.795226 
1.586934 2.150879 1.600851 1.705391 1.945607 1.182033 1.256017 1.089518 0.000000 1.102985 8.204768 6.848794 5.977288 4.784551 1.642180 2.847234 2.144938 1.982195 4.389198 4.099838 
1.748233 2.171566 2.357285 2.256833 1.864857 1.522471 1.166266 1.379623 1.102985 0.000000 8.499598 7.141339 6.211952 5.430635 1.501694 2.769084 2.363362 2.453621 4.289388 4.033177 
9.202130 8.797878 7.391588 8.675976 9.119052 8.469290 8.318403 8.736978 8.204768 8.499598 0.000000 4.022466 6.655065 6.026566 7.959454 7.090146 8.452622 8.264930 7.228500 6.943583 
7.949752 7.679548 6.516977 7.296204 7.774942 7.006989 7.036872 6.792809 6.848794 7.141339 4.022466 0.000000 6.086343 4.853079 6.707375 5.969336 6.946011 6.754745 6.787597 6.675162 
6.598414 6.129237 6.043390 6.412633 7.279477 6.240090 5.940419 5.564207 5.977288 6.211952 6.655065 6.086343 0.000000 2.948385 4.969839 5.387551 5.165854 5.013377 6.306546 5.115249 
6.114302 5.478239 4.530730 5.357382 6.941654 5.458775 4.984166 4.599664 4.784551 5.430635 6.026566 4.853079 2.948385 0.000000 4.389655 4.409647 4.626598 4.470816 5.710642 5.242763 
2.188464 2.385906 1.862497 2.058708 2.429168 1.817519 1.678594 1.313475 1.642180 1.501694 7.959454 6.707375 4.969839 4.389655 0.000000 1.997685 1.179528 2.160971 4.471971 3.951279 
3.212264 3.874340 2.534179 3.770149 3.778759 3.393011 2.420365 2.556989 2.847234 2.769084 7.090146 5.969336 5.387551 4.409647 1.997685 0.000000 1.478139 2.873372 3.702382 3.315017 
2.485090 3.058624 2.602003 3.025401 3.440581 2.852331 1.896656 1.719485 2.144938 2.363362 8.452622 6.946011 5.165854 4.626598 1.179528 1.478139 0.000000 2.262678 4.677081 3.949376 
3.341467 3.809103 2.860043 3.353994 3.580028 2.313522 2.426931 1.834041 1.982195 2.453621 8.264930 6.754745 5.013377 4.470816 2.160971 2.873372 2.262678 0.000000 3.329608 3.004193 
5.237302 6.194350 5.216195 6.216465 5.078800 4.379501 4.360479 4.306909 4.389198 4.289388 7.228500 6.787597 6.306546 5.710642 4.471971 3.702382 4.677081 3.329608 0.000000 1.499373 
4.696043 5.559475 4.798458 5.688978 4.742457 4.266954 3.997657 3.795226 4.099838 4.033177 6.943583 6.675162 5.115249 5.242763 3.951279 3.315017 3.949376 3.004193 1.499373 0.000000 
