0.000000 0.990630 0.508744 1.379373 2.508160 1.263436 0.861420 0.982141 1.705422 1.242306 2.924019 3.147664 4.178053 3.752423 3.418614 2.804444 3.945947 5.248785 4.645525 4.021588 
0.990630 0.000000 1.097565 1.786335 2.690310 1.392269 1.225191 1.291176 2.019225 1.243333 3.162116 3.332054 4.233978 3.921417 3.826523 2.841577 3.997191 5.026379 4.653143 4.168621 
0.508744 1.097565 0.000000 0.984667 2.014099 0.882651 0.704383 0.906433 1.536501 1.071036 2.783322 2.960706 4.542427 4.012990 3.781930 2.951888 3.952720 5.229054 4.780971 4.301696 
1.379373 1.786335 0.984667 0.000000 0.923387 1.495445 1.150478 1.225801 1.120459 0.900375 3.005644 3.035892 4.570333 4.158357 3.411896 3.033950 4.148241 4.662635 4.928778 4.440791 
2.508160 2.690310 2.014099 0.923387 0.000000 1.993848 1.586415 1.651706 1.052740 1.161184 4.094536 4.063348 5.502544 5.136133 3.988287 3.970810 5.196726 5.221751 5.782802 5.415219 
1.263436 1.392269 0.882651 1.495445 1.993848 0.000000 0.593976 0.849408 1.416856 1.116536 2.754248 2.756837 4.756296 4.134107 4.235223 3.042630 3.901135 5.093678 4.828953 4.339144 
0.861420 1.225191 0.704383 1.150478 1.586415 0.593976 0.000000 0.484622 1.053604 0.766355 2.575091 2.623205 4.348158 3.830488 3.864857 2.844390 3.865706 4.987762 4.569598 4.016701 
0.982141 1.291176 0.906433 1.225801 1.651706 0.849408 0.484622 0.000000 0.872679 0.803468 2.693367 2.819856 4.115316 3.628527 3.500995 2.768523 4.024501 4.870796 4.473079 3.945049 
1.705422 2.019225 1.536501 1.120459 1.052740 1.416856 1.053604 0.872679 0.000000 0.799538 3.643166 3.871218 4.798295 4.428533 3.844367 3.791978 5.309900 5.462466 5.275332 4.754200 
1.242306 1.243333 1.071036 0.900375 1.161184 1.116536 0.766355 0.803468 0.799538 0.000000 3.249098 3.442567 4.147910 3.930003 3.433865 3.107400 4.518887 4.806665 4.756163 4.217083 
2.924019 3.162116 2.783322 3.005644 4.094536 2.754248 2.575091 2.693367 3.643166 3.249098 0.000000 0.687460 3.637095 2.735629 3.668399 1.313259 1.726733 3.702068 3.459437 3.068022 
3.147664 3.332054 2.960706 3.035892 4.063348 2.756837 2.623205 2.819856 3.871218 3.442567 0.687460 0.000000 4.010008 3.039421 4.279725 1.465245 1.486358 3.942136 3.777135 3.429461 
4.178053 4.233978 4.542427 4.570333 5.502544 4.756296 4.348158 4.115316 4.798295 4.147910 3.637095 4.010008 0.000000 0.998286 3.223397 2.889845 3.548671 1.557454 1.535138 1.337876 
3.752423 3.921417 4.012990 4.158357 5.136133 4.134107 3.830488 3.628527 4.428533 3.930003 2.735629 3.039421 0.998286 0.000000 2.802815 2.128247 2.624533 1.745497 1.550724 1.196559 
3.418614 3.826523 3.781930 3.411896 3.988287 4.235223 3.864857 3.500995 3.844367 3.433865 3.668399 4.279725 3.223397 2.802815 0.000000 3.124714 3.897686 3.341490 3.463015 2.913132 
2.804444 2.841577 2.951888 3.033950 3.970810 3.042630 2.844390 2.768523 3.791978 3.107400 1.313259 1.465245 2.889845 2.128247 3.124714 0.000000 1.097249 3.149602 3.032646 2.793951 
3.945947 3.997191 3.952720 4.148241 5.196726 3.901135 3.865706 4.024501 5.309900 4.518887 1.726733 1.486358 3.548671 2.624533 3.897686 1.097249 0.000000 3.144358 3.363182 3.132511 
5.248785 5.026379 5.229054 4.662635 5.221751 5.093678 4.987762 4.870796 5.462466 4.806665 3.702068 3.942136 1.557454 1.745497 3.341490 3.149602 3.144358 0.000000 1.023484 1.380156 
4.645525 4.653143 4.780971 4.928778 5.782802 4.828953 4.569598 4.473079 5.275332 4.756163 3.459437 3.777135 1.535138 1.550724 3.463015 3.032646 3.363182 1.023484 0.000000 1.122960 
4.021588 4.168621 4.301696 4.440791 5.415219 4.339144 4.016701 3.945049 4.754200 4.217083 3.068022 3.429461 1.337876 1.196559 2.913132 2.793951 3.132511 1.380156 1.122960 0.000000 
