0.000000 1.634045 2.144802 3.616865 1.286878 2.108319 2.145485 1.664880 2.783391 2.134003 1.812750 2.764083 3.610453 2.920981 3.181076 3.515845 2.688543 2.411735 3.078252 3.382803 
1.634045 0.000000 1.297890 2.845365 1.069706 2.103257 1.914481 1.834352 2.891571 2.052378 2.175989 2.623648 3.103105 2.330677 3.143336 4.073367 2.636476 2.209514 2.764093 3.072008 
2.144802 1.297890 0.000000 2.219438 1.410215 2.313878 2.202020 1.873826 3.093563 2.295814 2.405855 2.874676 3.295359 2.680680 3.568314 4.431628 3.032603 1.938752 3.460661 3.604726 
3.616865 2.845365 2.219438 0.000000 2.846064 2.886290 3.040134 3.032431 3.115435 2.609509 3.673262 3.981528 4.601579 3.664445 4.682659 5.352457 3.786669 3.233580 4.551266 3.931929 
1.286878 1.069706 1.410215 2.846064 0.000000 2.171825 2.184743 1.809122 2.997628 2.141191 2.022699 3.305686 3.278764 2.567632 3.295616 4.076917 2.706360 2.477512 3.052559 3.336301 
2.108319 2.103257 2.313878 2.886290 2.171825 0.000000 1.036266 1.712794 1.644149 1.433563 2.364003 2.966089 3.797430 3.231844 3.493748 4.297550 3.107642 2.881996 3.799880 4.391455 
2.145485 1.914481 2.202020 3.040134 2.184743 1.036266 0.000000 1.500728 1.633087 1.309568 2.319129 2.576907 3.670972 3.332267 3.492225 4.044005 3.328345 2.708893 4.051178 4.632863 
1.664880 1.834352 1.873826 3.032431 1.809122 1.712794 1.500728 0.000000 2.756493 1.710072 1.788650 2.488906 3.858190 3.271353 3.507688 3.661708 3.240126 2.168668 3.951189 4.344531 
2.783391 2.891571 3.093563 3.115435 2.997628 1.644149 1.633087 2.756493 0.000000 1.407551 2.647229 2.827165 4.025217 3.718520 2.943268 3.929488 3.659631 3.507940 3.764476 4.151695 
2.134003 2.052378 2.295814 2.609509 2.141191 1.433563 1.309568 1.710072 1.407551 0.000000 2.289378 2.426795 3.543106 3.016266 2.846355 3.293755 3.245228 2.893800 3.343467 3.842008 
1.812750 2.175989 2.405855 3.673262 2.022699 2.364003 2.319129 1.788650 2.647229 2.289378 0.000000 2.196512 3.343337 2.665199 2.775475 3.256028 2.975544 1.753987 3.117463 3.443642 
2.764083 2.623648 2.874676 3.981528 3.305686 2.966089 2.576907 2.488906 2.827165 2.426795 2.196512 0.000000 3.393793 3.128139 3.480873 3.801981 3.844362 2.206949 3.634319 3.952815 
3.610453 3.103105 3.295359 4.601579 3.278764 3.797430 3.670972 3.858190 4.025217 3.543106 3.343337 3.393793 0.000000 1.481613 4.320851 4.360492 3.747275 3.181918 1.782015 2.409400 
2.920981 2.330677 2.680680 3.664445 2.567632 3.231844 3.332267 3.271353 3.718520 3.016266 2.665199 3.128139 1.481613 0.000000 3.484632 4.049477 3.190645 2.720036 1.423838 1.811657 
3.181076 3.143336 3.568314 4.682659 3.295616 3.493748 3.492225 3.507688 2.943268 2.846355 2.775475 3.480873 4.320851 3.484632 0.000000 2.679013 3.728530 3.442672 3.458472 4.286668 
3.515845 4.073367 4.431628 5.352457 4.076917 4.297550 4.044005 3.661708 3.929488 3.293755 3.256028 3.801981 4.360492 4.049477 2.679013 0.000000 4.728798 3.950991 3.881620 4.415397 
2.688543 2.636476 3.032603 3.786669 2.706360 3.107642 3.328345 3.240126 3.659631 3.245228 2.975544 3.844362 3.747275 3.190645 3.728530 4.728798 0.000000 3.196056 3.324191 3.786043 
2.411735 2.209514 1.938752 3.233580 2.477512 2.881996 2.708893 2.168668 3.507940 2.893800 1.753987 2.206949 3.181918 2.720036 3.442672 3.950991 3.196056 0.000000 3.094940 3.572571 
3.078252 2.764093 3.460661 4.551266 3.052559 3.799880 4.051178 3.951189 3.764476 3.343467 3.117463 3.634319 1.782015 1.423838 3.458472 3.881620 3.324191 3.094940 0.000000 1.665039 
3.382803 3.072008 3.604726 3.931929 3.336301 4.391455 4.632863 4.344531 4.151695 3.842008 3.443642 3.952815 2.409400 1.811657 4.286668 4.415397 3.786043 3.572571 1.665039 0.000000 
