0.000000 1.542575 1.397941 1.658501 2.211375 2.193325 3.042452 3.088337 2.681793 2.607920 5.157380 5.272479 4.614275 4.782925 4.946201 4.398321 4.828001 5.250943 6.236153 5.795191 
1.542575 0.000000 1.600992 1.699085 2.734053 1.705677 3.655688 3.453894 3.208847 3.291961 4.647019 4.521270 4.174225 4.247147 4.691668 4.637366 4.342745 4.632637 5.685316 5.033772 
1.397941 1.600992 0.000000 1.383248 2.528141 2.121673 3.200937 3.459605 2.755315 2.843639 5.535064 5.129796 4.904955 5.377631 4.527410 4.550961 4.582061 4.896677 6.547676 6.040960 
1.658501 1.699085 1.383248 0.000000 2.752464 1.365546 3.327824 3.643325 2.970998 2.851776 5.561740 5.583354 4.635715 4.971975 4.132018 4.335400 4.980798 5.585740 5.763891 5.619599 
2.211375 2.734053 2.528141 2.752464 0.000000 2.668270 3.505772 2.504944 2.259919 2.480941 5.870243 5.494452 4.596474 5.111145 5.170389 5.001123 4.933101 5.175187 6.348765 5.801455 
2.193325 1.705677 2.121673 1.365546 2.668270 0.000000 3.485339 3.223201 3.102211 2.925287 5.462482 5.220700 4.624433 4.992866 4.394176 4.553830 4.773138 5.344713 5.826793 5.749518 
3.042452 3.655688 3.200937 3.327824 3.505772 3.485339 0.000000 3.525163 2.764541 2.571893 6.434798 5.948578 3.910821 4.461939 5.152792 4.837568 4.589918 5.493858 5.352139 5.255290 
3.088337 3.453894 3.459605 3.643325 2.504944 3.223201 3.525163 0.000000 2.286885 1.788753 6.915249 6.931766 4.829022 5.171298 5.691886 5.469970 5.883169 6.253353 6.129571 6.469358 
2.681793 3.208847 2.755315 2.970998 2.259919 3.102211 2.764541 2.286885 0.000000 1.371806 7.525161 6.135748 5.097089 5.746401 6.296678 6.314265 5.592980 6.689298 6.704640 6.136923 
2.607920 3.291961 2.843639 2.851776 2.480941 2.925287 2.571893 1.788753 1.371806 0.000000 6.540175 6.270850 4.751280 5.181400 5.522563 5.194508 5.431493 5.902428 6.143929 6.141979 
5.157380 4.647019 5.535064 5.561740 5.870243 5.462482 6.434798 6.915249 7.525161 6.540175 0.000000 4.123573 4.987385 4.861119 4.090288 3.619972 4.224189 2.894848 7.379274 6.798203 
5.272479 4.521270 5.129796 5.583354 5.494452 5.220700 5.948578 6.931766 6.135748 6.270850 4.123573 0.000000 4.832260 5.736261 6.765455 5.408509 2.510280 3.309893 8.440825 5.670867 
4.614275 4.174225 4.904955 4.635715 4.596474 4.624433 3.910821 4.829022 5.097089 4.751280 4.987385 4.832260 0.000000 1.197136 4.245712 4.068646 2.225266 3.147659 2.469130 2.081830 
4.782925 4.247147 5.377631 4.971975 5.111145 4.992866 4.461939 5.171298 5.746401 5.181400 4.861119 5.736261 1.197136 0.000000 4.226225 4.375292 3.027327 3.369890 2.168589 1.999817 
4.946201 4.691668 4.527410 4.132018 5.170389 4.394176 5.152792 5.691886 6.296678 5.522563 4.090288 6.765455 4.245712 4.226225 0.000000 1.712594 4.379262 4.066850 4.772537 6.033512 
4.398321 4.637366 4.550961 4.335400 5.001123 4.553830 4.837568 5.469970 6.314265 5.194508 3.619972 5.408509 4.068646 4.375292 1.712594 0.000000 3.622838 3.302488 5.546773 6.189412 
4.828001 4.342745 4.582061 4.980798 4.933101 4.773138 4.589918 5.883169 5.592980 5.431493 4.224189 2.510280 2.225266 3.027327 4.379262 3.622838 0.000000 1.796061 4.666168 3.480570 
5.250943 4.632637 4.896677 5.585740 5.175187 5.344713 5.493858 6.253353 6.689298 5.902428 2.894848 3.309893 3.147659 3.369890 4.066850 3.302488 1.796061 0.000000 5.353139 4.305181 
6.236153 5.685316 6.547676 5.763891 6.348765 5.826793 5.352139 6.129571 6.704640 6.143929 7.379274 8.440825 2.469130 2.168589 4.772537 5.546773 4.666168 5.353139 0.000000 2.412129 
5.795191 5.033772 6.040960 5.619599 5.801455 5.749518 5.255290 6.469358 6.136923 6.141979 6.798203 5.670867 2.081830 1.999817 6.033512 6.189412 3.480570 4.305181 2.412129 0.000000 
