0.000000 0.898436 1.435108 1.756096 1.285285 1.304027 2.410859 2.898296 2.775585 2.712192 6.067560 7.333414 9.577753 10.390140 6.129938 7.650860 5.264451 6.004728 5.290620 4.580324 
0.898436 0.000000 1.095536 0.958125 1.536856 1.121111 2.119080 2.877467 2.937238 3.175064 5.308161 6.307968 8.222967 9.160420 6.000300 6.636671 5.305880 5.877074 4.964186 4.392456 
1.435108 1.095536 0.000000 0.907038 1.547748 2.049235 2.624456 3.235650 3.243330 3.479123 4.590834 5.510367 7.689279 9.332226 5.818957 6.468712 5.150434 5.203440 4.295921 3.744359 
1.756096 0.958125 0.907038 0.000000 1.514970 1.860793 2.239038 3.007495 3.142368 3.404129 4.727702 5.336961 7.219954 8.901713 6.065596 6.331616 5.605478 5.377417 4.551113 4.044444 
1.285285 1.536856 1.547748 1.514970 0.000000 1.537550 2.207933 3.306604 2.806980 2.757074 5.515609 6.646650 8.166734 9.443653 6.870323 7.696583 6.009552 5.788550 5.191833 4.507500 
1.304027 1.121111 2.049235 1.860793 1.537550 0.000000 1.647007 2.412562 2.670503 2.348102 6.381033 7.501568 9.599481 10.148720 6.381349 7.305935 5.591491 6.575917 5.865086 5.155824 
2.410859 2.119080 2.624456 2.239038 2.207933 1.647007 0.000000 1.683787 1.292743 1.490908 6.110023 6.887435 7.993650 9.310609 6.968428 7.423055 6.317915 6.486933 5.991735 5.369869 
2.898296 2.877467 3.235650 3.007495 3.306604 2.412562 1.683787 0.000000 2.109337 2.186877 6.633311 7.270358 8.504384 9.687121 6.205749 7.017331 5.720279 6.830904 6.003879 5.080950 
2.775585 2.937238 3.243330 3.142368 2.806980 2.670503 1.292743 2.109337 0.000000 0.978541 6.686075 7.713523 8.675067 9.773303 7.173672 7.927007 6.827572 6.621185 5.961164 5.537494 
2.712192 3.175064 3.479123 3.404129 2.757074 2.348102 1.490908 2.186877 0.978541 0.000000 7.386082 8.564712 9.843704 10.803440 7.334660 8.722563 6.905190 6.855628 6.258422 5.881331 
6.067560 5.308161 4.590834 4.727702 5.515609 6.381033 6.110023 6.633311 6.686075 7.386082 0.000000 0.922748 4.275390 6.093318 5.220349 5.163353 4.480876 3.890325 2.979299 2.780937 
7.333414 6.307968 5.510367 5.336961 6.646650 7.501568 6.887435 7.270358 7.713523 8.564712 0.922748 0.000000 4.437567 6.678969 5.934872 5.519479 5.410326 4.725274 4.196221 3.872991 
9.577753 8.222967 7.689279 7.219954 8.166734 9.599481 7.993650 8.504384 8.675067 9.843704 4.275390 4.437567 0.000000 4.081789 6.200472 5.285294 6.221589 5.410273 5.780629 5.186764 
10.390140 9.160420 9.332226 8.901713 9.443653 10.148720 9.310609 9.687121 9.773303 10.803440 6.093318 6.678969 4.081789 0.000000 6.817932 6.294836 7.562667 5.834480 7.475867 7.251609 
6.129938 6.000300 5.818957 6.065596 6.870323 6.381349 6.968428 6.205749 7.173672 7.334660 5.220349 5.934872 6.200472 6.817932 0.000000 3.310487 2.996964 3.726770 3.619584 3.888428 
7.650860 6.636671 6.468712 6.331616 7.696583 7.305935 7.423055 7.017331 7.927007 8.722563 5.163353 5.519479 5.285294 6.294836 3.310487 0.000000 2.346899 4.108978 4.600745 4.790490 
5.264451 5.305880 5.150434 5.605478 6.009552 5.591491 6.317915 5.720279 6.827572 6.905190 4.480876 5.410326 6.221589 7.562667 2.996964 2.346899 0.000000 4.471094 3.657818 3.602595 
6.004728 5.877074 5.203440 5.377417 5.788550 6.575917 6.486933 6.830904 6.621185 6.855628 3.890325 4.725274 5.410273 5.834480 3.726770 4.108978 4.471094 0.000000 2.082926 2.618671 
5.290620 4.964186 4.295921 4.551113 5.191833 5.865086 5.991735 6.003879 5.961164 6.258422 2.979299 4.196221 5.780629 7.475867 3.619584 4.600745 3.657818 2.082926 0.000000 1.269514 
4.580324 4.392456 3.744359 4.044444 4.507500 5.155824 5.369869 5.080950 5.537494 5.881331 2.780937 3.872991 5.186764 7.251609 3.888428 4.790490 3.602595 2.618671 1.269514 0.000000 
