0.000000 8.540807 0.681355 1.335803 1.478000 2.386017 4.298778 1.524325 2.143918 1.551744 5.345119 4.576970 4.713554 5.725315 2.988703 3.168571 2.624001 1.932775 2.493721 2.401289 
8.540807 0.000000 9.745970 8.674119 8.971920 8.502603 6.719726 9.730058 8.683626 7.727737 10.060140 8.768646 11.884570 13.447010 8.899909 8.352896 8.617053 10.864460 9.656492 10.208900 
0.681355 9.745970 0.000000 1.079526 1.422724 2.342604 4.747974 1.169698 1.986329 1.301995 5.567724 4.480870 5.553936 6.368712 3.829706 4.069250 3.357956 2.487642 2.755411 2.905681 
1.335803 8.674119 1.079526 0.000000 1.038910 1.743893 4.535509 1.195529 1.899198 1.199495 4.906553 4.046004 5.983178 6.263756 3.451526 3.774449 3.360763 2.907477 2.931425 3.071213 
1.478000 8.971920 1.422724 1.038910 0.000000 1.569877 4.684512 1.325053 1.991502 1.390767 5.041388 3.897627 5.470097 5.737751 3.176319 3.733445 3.549133 2.761487 2.729921 2.785970 
2.386017 8.502603 2.342604 1.743893 1.569877 0.000000 4.001861 1.865115 2.277755 1.226588 4.634891 3.268042 6.156028 5.935254 3.432126 3.832500 4.106008 4.051985 3.183148 3.269987 
4.298778 6.719726 4.747974 4.535509 4.684512 4.001861 0.000000 3.873148 4.386230 3.477930 7.548881 6.090467 8.328718 8.210537 5.981222 6.273160 6.033009 6.518884 6.126231 5.973313 
1.524325 9.730058 1.169698 1.195529 1.325053 1.865115 3.873148 0.000000 1.456530 1.031545 5.565485 4.305856 6.073495 6.102512 3.381265 4.052201 3.553812 3.025056 3.242758 3.251454 
2.143918 8.683626 1.986329 1.899198 1.991502 2.277755 4.386230 1.456530 0.000000 1.359083 5.905813 4.291490 4.939338 5.844847 4.177000 4.944584 4.263609 3.564746 2.750612 2.894022 
1.551744 7.727737 1.301995 1.199495 1.390767 1.226588 3.477930 1.031545 1.359083 0.000000 5.196032 3.722052 5.584963 5.787986 3.298482 3.779200 3.559714 3.296677 2.350057 2.683196 
5.345119 10.060140 5.567724 4.906553 5.041388 4.634891 7.548881 5.565485 5.905813 5.196032 0.000000 2.159850 6.126815 6.083293 5.268381 4.971315 5.373699 5.611023 4.949789 4.780395 
4.576970 8.768646 4.480870 4.046004 3.897627 3.268042 6.090467 4.305856 4.291490 3.722052 2.159850 0.000000 5.513526 5.219620 5.042385 5.063770 5.299542 5.186836 3.994027 4.294050 
4.713554 11.884570 5.553936 5.983178 5.470097 6.156028 8.328718 6.073495 4.939338 5.584963 6.126815 5.513526 0.000000 3.760879 5.116871 6.247149 5.121713 4.758587 3.704401 3.319868 
5.725315 13.447010 6.368712 6.263756 5.737751 5.935254 8.210537 6.102512 5.844847 5.787986 6.083293 5.219620 3.760879 0.000000 6.198337 6.792835 6.692249 6.105168 5.164135 5.578209 
2.988703 8.899909 3.829706 3.451526 3.176319 3.432126 5.981222 3.381265 4.177000 3.298482 5.268381 5.042385 5.116871 6.198337 0.000000 1.374559 1.410099 3.323820 3.341423 3.338404 
3.168571 8.352896 4.069250 3.774449 3.733445 3.832500 6.273160 4.052201 4.944584 3.779200 4.971315 5.063770 6.247149 6.792835 1.374559 0.000000 1.354557 3.926419 3.933065 3.929993 
2.624001 8.617053 3.357956 3.360763 3.549133 4.106008 6.033009 3.553812 4.263609 3.559714 5.373699 5.299542 5.121713 6.692249 1.410099 1.354557 0.000000 3.473057 3.345686 3.428183 
1.932775 10.864460 2.487642 2.907477 2.761487 4.051985 6.518884 3.025056 3.564746 3.296677 5.611023 5.186836 4.758587 6.105168 3.323820 3.926419 3.473057 0.000000 2.035235 1.786377 
2.493721 9.656492 2.755411 2.931425 2.729921 3.183148 6.126231 3.242758 2.750612 2.350057 4.949789 3.994027 3.704401 5.164135 3.341423 3.933065 3.345686 2.035235 0.000000 1.021554 
2.401289 10.208900 2.905681 3.071213 2.785970 3.269987 5.973313 3.251454 2.894022 2.683196 4.780395 4.294050 3.319868 5.578209 3.338404 3.929993 3.428183 1.786377 1.021554 0.000000 
