0.000000 1.017960 1.942949 2.339322 2.243017 1.158515 1.565654 1.820129 2.188493 2.066794 4.262272 4.332244 2.447644 2.271702 3.021639 3.309344 2.844832 3.377775 3.637267 3.452345 
1.017960 0.000000 1.444233 1.772747 1.427275 0.848065 0.871027 1.360999 1.977018 1.416713 3.975471 3.973351 2.653536 2.546784 2.856231 3.542096 2.630873 3.310654 3.546595 3.270523 
1.942949 1.444233 0.000000 0.895454 0.963005 1.804268 1.442989 1.748916 2.323775 1.166975 3.972128 3.646018 3.235696 3.402773 2.411262 3.507618 2.084516 2.451790 2.447823 2.473496 
2.339322 1.772747 0.895454 0.000000 0.813621 2.201788 1.802601 1.968373 2.660706 1.489142 4.459397 4.032891 3.788950 3.666462 2.829012 3.873233 2.101176 2.417829 2.706643 2.874284 
2.243017 1.427275 0.963005 0.813621 0.000000 1.853149 1.549265 1.934671 2.649553 1.422302 3.536188 3.287672 3.489271 3.402194 2.785941 3.774904 2.234185 2.665478 2.959173 2.894196 
1.158515 0.848065 1.804268 2.201788 1.853149 0.000000 1.159863 1.554619 1.797302 1.847186 3.713939 3.738421 2.550216 2.361190 3.095305 3.616536 2.841017 3.607898 3.701334 3.545858 
1.565654 0.871027 1.442989 1.802601 1.549265 1.159863 0.000000 0.989036 1.225698 1.308355 4.217948 3.989832 2.770890 2.304309 2.476757 3.153677 2.354994 2.994066 2.968164 3.076374 
1.820129 1.360999 1.748916 1.968373 1.934671 1.554619 0.989036 0.000000 1.078715 1.365961 5.066341 4.499330 2.710934 2.018973 2.849083 3.490479 2.925888 3.264846 3.267210 3.487934 
2.188493 1.977018 2.323775 2.660706 2.649553 1.797302 1.225698 1.078715 0.000000 1.820156 5.663530 5.154301 2.794377 2.295805 3.151308 3.148970 3.345790 3.763918 3.670086 3.886299 
2.066794 1.416713 1.166975 1.489142 1.422302 1.847186 1.308355 1.365961 1.820156 0.000000 4.393412 3.939222 2.895735 3.097877 2.628793 3.088445 2.786778 3.060214 3.161459 3.304668 
4.262272 3.975471 3.972128 4.459397 3.536188 3.713939 4.217948 5.066341 5.663530 4.393412 0.000000 1.387653 5.325177 5.263500 3.696731 4.832869 4.524735 4.679035 4.724903 5.072545 
4.332244 3.973351 3.646018 4.032891 3.287672 3.738421 3.989832 4.499330 5.154301 3.939222 1.387653 0.000000 5.122236 5.014671 3.465343 4.281263 4.514133 4.498319 4.474617 4.877912 
2.447644 2.653536 3.235696 3.788950 3.489271 2.550216 2.770890 2.710934 2.794377 2.895735 5.325177 5.122236 0.000000 1.670483 3.727780 3.599796 4.037163 4.246534 4.294139 4.146323 
2.271702 2.546784 3.402773 3.666462 3.402194 2.361190 2.304309 2.018973 2.295805 3.097877 5.263500 5.014671 1.670483 0.000000 3.617993 3.531798 3.784413 4.019855 4.188179 3.943129 
3.021639 2.856231 2.411262 2.829012 2.785941 3.095305 2.476757 2.849083 3.151308 2.628793 3.696731 3.465343 3.727780 3.617993 0.000000 1.709685 3.064889 2.724993 2.850964 3.098057 
3.309344 3.542096 3.507618 3.873233 3.774904 3.616536 3.153677 3.490479 3.148970 3.088445 4.832869 4.281263 3.599796 3.531798 1.709685 0.000000 4.200666 3.884979 4.010524 4.354194 
2.844832 2.630873 2.084516 2.101176 2.234185 2.841017 2.354994 2.925888 3.345790 2.786778 4.524735 4.514133 4.037163 3.784413 3.064889 4.200666 0.000000 1.618192 1.618119 1.854682 
3.377775 3.310654 2.451790 2.417829 2.665478 3.607898 2.994066 3.264846 3.763918 3.060214 4.679035 4.498319 4.246534 4.019855 2.724993 3.884979 1.618192 0.000000 1.104973 1.380348 
3.637267 3.546595 2.447823 2.706643 2.959173 3.701334 2.968164 3.267210 3.670086 3.161459 4.724903 4.474617 4.294139 4.188179 2.850964 4.010524 1.618119 1.104973 0.000000 1.633474 
3.452345 3.270523 2.473496 2.874284 2.894196 3.545858 3.076374 3.487934 3.886299 3.304668 5.072545 4.877912 4.146323 3.943129 3.098057 4.354194 1.854682 1.380348 1.633474 0.000000 
