0.000000 3.434480 3.944783 4.104791 3.086832 4.006395 3.530755 4.492095 4.366392 5.412387 4.049261 4.569227 3.999807 2.963227 3.139034 3.426467 3.932145 4.720527 3.679893 3.210925 
3.434480 0.000000 2.073508 2.371605 2.158082 1.996724 2.439901 2.784223 2.160650 2.636099 4.144490 4.474885 4.370430 3.341032 2.803869 2.684267 4.637460 5.056552 4.465314 4.747948 
3.944783 2.073508 0.000000 1.902158 2.176915 1.560473 1.933222 1.945336 1.703915 1.853902 3.492641 3.872411 3.993190 2.670340 2.715610 2.416749 4.406520 4.393256 3.770768 4.595585 
4.104791 2.371605 1.902158 0.000000 1.737994 1.700016 1.649787 1.630593 2.101370 1.922761 3.117272 3.797557 4.230176 2.823062 2.676088 2.345126 4.096105 3.851542 3.610347 4.780141 
3.086832 2.158082 2.176915 1.737994 0.000000 2.067548 2.251776 2.640251 2.232381 2.739873 3.751475 3.926152 4.338333 3.012323 2.185098 2.415246 4.568819 3.611396 4.069193 4.703273 
4.006395 1.996724 1.560473 1.700016 2.067548 0.000000 2.004758 1.596303 1.096387 2.333053 3.829723 4.197130 4.079211 2.562627 2.534991 2.518658 4.093184 3.577269 4.199816 4.317790 
3.530755 2.439901 1.933222 1.649787 2.251776 2.004758 0.000000 1.927105 2.341838 3.097942 3.546236 4.378288 3.757506 2.334705 2.546000 2.204889 4.007450 4.181281 3.760457 3.926381 
4.492095 2.784223 1.945336 1.630593 2.640251 1.596303 1.927105 0.000000 1.448273 2.271985 3.916629 4.836118 4.913673 3.296731 3.525437 3.001241 4.660772 4.636775 4.148372 5.046893 
4.366392 2.160650 1.703915 2.101370 2.232381 1.096387 2.341838 1.448273 0.000000 1.943869 4.469910 4.923995 5.145509 3.623538 3.205326 3.130058 5.132675 4.633672 4.962963 5.250070 
5.412387 2.636099 1.853902 1.922761 2.739873 2.333053 3.097942 2.271985 1.943869 0.000000 3.830965 4.372970 4.895538 4.192782 3.582812 3.444110 4.824817 4.517344 4.125375 5.628010 
4.049261 4.144490 3.492641 3.117272 3.751475 3.829723 3.546236 3.916629 4.469910 3.830965 0.000000 0.899334 2.380163 2.569988 2.652622 2.882981 3.631830 4.213990 1.227653 3.057346 
4.569227 4.474885 3.872411 3.797557 3.926152 4.197130 4.378288 4.836118 4.923995 4.372970 0.899334 0.000000 2.655841 3.124662 2.550152 3.460325 4.512100 4.979994 1.811959 3.452157 
3.999807 4.370430 3.993190 4.230176 4.338333 4.079211 3.757506 4.913673 5.145509 4.895538 2.380163 2.655841 0.000000 1.757970 2.716746 2.973794 3.083955 3.731803 2.644915 2.302919 
2.963227 3.341032 2.670340 2.823062 3.012323 2.562627 2.334705 3.296731 3.623538 4.192782 2.569988 3.124662 1.757970 0.000000 1.937676 1.938139 2.498636 2.933943 2.657741 2.522608 
3.139034 2.803869 2.715610 2.676088 2.185098 2.534991 2.546000 3.525437 3.205326 3.582812 2.652622 2.550152 2.716746 1.937676 0.000000 1.432413 3.394483 3.073836 3.012839 3.339185 
3.426467 2.684267 2.416749 2.345126 2.415246 2.518658 2.204889 3.001241 3.130058 3.444110 2.882981 3.460325 2.973794 1.938139 1.432413 0.000000 3.225493 3.079999 3.250441 3.292585 
3.932145 4.637460 4.406520 4.096105 4.568819 4.093184 4.007450 4.660772 5.132675 4.824817 3.631830 4.512100 3.083955 2.498636 3.394483 3.225493 0.000000 2.319816 2.766290 2.703230 
4.720527 5.056552 4.393256 3.851542 3.611396 3.577269 4.181281 4.636775 4.633672 4.517344 4.213990 4.979994 3.731803 2.933943 3.073836 3.079999 2.319816 0.000000 3.912310 3.277027 
3.679893 4.465314 3.770768 3.610347 4.069193 4.199816 3.760457 4.148372 4.962963 4.125375 1.227653 1.811959 2.644915 2.657741 3.012839 3.250441 2.766290 3.912310 0.000000 2.409555 
3.210925 4.747948 4.595585 4.780141 4.703273 4.317790 3.926381 5.046893 5.250070 5.628010 3.057346 3.452157 2.302919 2.522608 3.339185 3.292585 2.703230 3.277027 2.409555 0.000000 
