0.000000 1.073043 1.916773 2.935596 1.840697 1.656416 2.443257 2.368592 2.764252 1.511395 5.354105 4.520658 7.248385 6.315153 7.983141 9.292789 9.982904 3.382897 3.772267 3.803327 
1.073043 0.000000 1.142072 2.645698 2.259101 1.399548 2.603700 2.686613 2.732037 1.665424 5.012349 4.041793 6.867015 6.248177 7.751698 9.054539 10.185880 3.114911 3.343283 3.479500 
1.916773 1.142072 0.000000 2.955256 2.553337 1.749581 2.599795 2.329598 2.451021 1.829288 4.637026 3.880048 5.830215 5.197592 6.737287 8.517359 8.479886 2.419550 2.886289 2.776607 
2.935596 2.645698 2.955256 0.000000 2.029132 2.781369 1.845335 3.849638 3.454671 3.225915 3.299518 2.592788 5.518791 5.361950 6.718928 9.015372 8.945135 2.638735 2.645559 3.440058 
1.840697 2.259101 2.553337 2.029132 0.000000 1.935827 1.271446 2.689826 2.934582 1.784373 4.409271 3.692802 5.965295 5.429264 7.724135 9.612752 9.921147 2.526123 2.513155 2.637600 
1.656416 1.399548 1.749581 2.781369 1.935827 0.000000 1.941261 1.358212 1.642576 1.007716 4.380456 3.535507 5.043079 4.751113 6.677809 8.949601 8.476378 2.497176 2.483575 2.579325 
2.443257 2.603700 2.599795 1.845335 1.271446 1.941261 0.000000 1.971549 1.815518 1.797322 3.647175 2.987689 5.117794 4.573464 6.399100 8.667584 7.780038 1.999434 2.311929 2.358739 
2.368592 2.686613 2.329598 3.849638 2.689826 1.358212 1.971549 0.000000 0.933658 0.897969 4.711415 4.079927 5.610707 4.943114 6.948722 8.974726 8.008226 2.866252 3.779216 3.230452 
2.764252 2.732037 2.451021 3.454671 2.934582 1.642576 1.815518 0.933658 0.000000 1.435895 4.518950 3.795738 4.925053 5.045226 6.525850 8.524258 7.549794 2.932757 3.479911 3.149830 
1.511395 1.665424 1.829288 3.225915 1.784373 1.007716 1.797322 0.897969 1.435895 0.000000 4.761734 4.146832 5.727344 5.384526 7.274700 9.349868 8.863579 2.614798 3.129959 2.930131 
5.354105 5.012349 4.637026 3.299518 4.409271 4.380456 3.647175 4.711415 4.518950 4.761734 0.000000 1.851548 4.275267 3.652108 4.892273 8.223047 5.818682 3.333064 3.957771 3.847262 
4.520658 4.041793 3.880048 2.592788 3.692802 3.535507 2.987689 4.079927 3.795738 4.146832 1.851548 0.000000 4.500880 4.587321 5.059243 7.700733 6.388721 2.632837 3.188261 3.615332 
7.248385 6.867015 5.830215 5.518791 5.965295 5.043079 5.117794 5.610707 4.925053 5.727344 4.275267 4.500880 0.000000 3.284924 4.568604 8.789962 6.420061 4.380201 3.746275 3.525569 
6.315153 6.248177 5.197592 5.361950 5.429264 4.751113 4.573464 4.943114 5.045226 5.384526 3.652108 4.587321 3.284924 0.000000 5.028396 8.813810 6.907556 4.301535 4.480172 3.612650 
7.983141 7.751698 6.737287 6.718928 7.724135 6.677809 6.399100 6.948722 6.525850 7.274700 4.892273 5.059243 4.568604 5.028396 0.000000 5.753574 3.210679 5.852174 5.647870 5.522828 
9.292789 9.054539 8.517359 9.015372 9.612752 8.949601 8.667584 8.974726 8.524258 9.349868 8.223047 7.700733 8.789962 8.813810 5.753574 0.000000 6.185249 8.904792 8.554326 8.859371 
9.982904 10.185880 8.479886 8.945135 9.921147 8.476378 7.780038 8.008226 7.549794 8.863579 5.818682 6.388721 6.420061 6.907556 3.210679 6.185249 0.000000 7.042217 7.496294 7.014154 
3.382897 3.114911 2.419550 2.638735 2.526123 2.497176 1.999434 2.866252 2.932757 2.614798 3.333064 2.632837 4.380201 4.301535 5.852174 8.904792 7.042217 0.000000 1.643448 1.631206 
3.772267 3.343283 2.886289 2.645559 2.513155 2.483575 2.311929 3.779216 3.479911 3.129959 3.957771 3.188261 3.746275 4.480172 5.647870 8.554326 7.496294 1.643448 0.000000 1.081530 
3.803327 3.479500 2.776607 3.440058 2.637600 2.579325 2.358739 3.230452 3.149830 2.930131 3.847262 3.615332 3.525569 3.612650 5.522828 8.859371 7.014154 1.631206 1.081530 0.000000 
