0.000000 4.301628 2.318882 2.787912 6.688440 4.251532 3.328658 2.052357 3.022133 3.540884 9.969026 8.608553 5.743181 3.146782 5.169086 6.883137 4.623429 4.103182 4.100810 2.950124 
4.301628 0.000000 4.853637 3.328151 4.975999 3.060368 2.857268 4.947958 3.897739 2.633909 8.223258 7.230861 5.219646 4.431544 4.001637 6.530437 6.090975 5.268005 4.422328 4.521629 
2.318882 4.853637 0.000000 2.174563 5.663916 3.662959 3.066065 1.549894 2.847511 2.900118 9.584254 8.291510 6.046339 3.472509 4.474548 5.886403 3.740605 3.939697 3.779062 2.706437 
2.787912 3.328151 2.174563 0.000000 4.907147 2.550369 2.475676 2.256499 2.293776 2.276093 8.496244 7.503852 6.002560 4.402062 3.955931 5.667862 3.924938 3.060058 3.300985 2.929407 
6.688440 4.975999 5.663916 4.907147 0.000000 4.023276 5.370628 6.107782 5.561916 4.114421 7.761481 6.415800 8.451047 7.261239 5.458813 6.931323 7.046188 5.388929 5.094403 5.875490 
4.251532 3.060368 3.662959 2.550369 4.023276 0.000000 1.420792 3.365968 2.477441 2.054988 8.158520 6.832301 6.366655 5.211736 4.786108 6.249238 5.129028 4.238432 3.286226 3.742103 
3.328658 2.857268 3.066065 2.475676 5.370628 1.420792 0.000000 2.702298 1.663281 1.383041 8.401667 7.351430 6.147089 4.629064 4.231439 6.196419 5.123115 4.040391 2.987892 2.978638 
2.052357 4.947958 1.549894 2.256499 6.107782 3.365968 2.702298 0.000000 2.287705 2.790465 9.576421 8.232185 5.540570 3.660651 4.832674 6.159305 4.161853 3.495448 3.629711 1.999034 
3.022133 3.897739 2.847511 2.293776 5.561916 2.477441 1.663281 2.287705 0.000000 1.953674 9.419512 7.876290 6.520262 4.685241 4.766297 6.549864 5.462126 4.120803 3.186967 3.185826 
3.540884 2.633909 2.900118 2.276093 4.114421 2.054988 1.383041 2.790465 1.953674 0.000000 8.161209 6.700811 4.947178 4.331597 2.923740 5.135128 5.003079 3.447713 2.375384 3.060917 
9.969026 8.223258 9.584254 8.496244 7.761481 8.158520 8.401667 9.576421 9.419512 8.161209 0.000000 6.173300 8.810931 9.321957 8.156747 9.304503 9.041038 8.661175 8.211336 8.700894 
8.608553 7.230861 8.291510 7.503852 6.415800 6.832301 7.351430 8.232185 7.876290 6.700811 6.173300 0.000000 9.259709 9.017993 7.839408 7.745749 8.536373 7.572518 7.112365 7.746924 
5.743181 5.219646 6.046339 6.002560 8.451047 6.366655 6.147089 5.540570 6.520262 4.947178 8.810931 9.259709 0.000000 2.350330 4.607579 6.873677 5.425473 6.329015 5.208429 5.347590 
3.146782 4.431544 3.472509 4.402062 7.261239 5.211736 4.629064 3.660651 4.685241 4.331597 9.321957 9.017993 2.350330 0.000000 3.843666 5.704574 3.861787 4.522220 3.836782 3.095968 
5.169086 4.001637 4.474548 3.955931 5.458813 4.786108 4.231439 4.832674 4.766297 2.923740 8.156747 7.839408 4.607579 3.843666 0.000000 3.421685 4.312726 4.090204 3.271045 3.719890 
6.883137 6.530437 5.886403 5.667862 6.931323 6.249238 6.196419 6.159305 6.549864 5.135128 9.304503 7.745749 6.873677 5.704574 3.421685 0.000000 4.324501 6.426766 5.205858 5.301973 
4.623429 6.090975 3.740605 3.924938 7.046188 5.129028 5.123115 4.161853 5.462126 5.003079 9.041038 8.536373 5.425473 3.861787 4.312726 4.324501 0.000000 5.298961 4.674083 3.948194 
4.103182 5.268005 3.939697 3.060058 5.388929 4.238432 4.040391 3.495448 4.120803 3.447713 8.661175 7.572518 6.329015 4.522220 4.090204 6.426766 5.298961 0.000000 2.316213 1.636583 
4.100810 4.422328 3.779062 3.300985 5.094403 3.286226 2.987892 3.629711 3.186967 2.375384 8.211336 7.112365 5.208429 3.836782 3.271045 5.205858 4.674083 2.316213 0.000000 1.867149 
2.950124 4.521629 2.706437 2.929407 5.875490 3.742103 2.978638 1.999034 3.185826 3.060917 8.700894 7.746924 5.347590 3.095968 3.719890 5.301973 3.948194 1.636583 1.867149 0.000000 
