0.000000 3.179652 4.080446 3.758917 3.886510 3.748687 3.566837 2.767869 3.421447 3.280003 4.611869 5.392923 4.252309 4.024584 5.421926 4.524514 4.720361 3.655659 4.187666 4.917217 
3.179652 0.000000 1.481888 1.421695 1.616569 1.789244 2.005026 1.601317 2.433217 2.396944 4.382524 5.321426 4.369854 4.098817 5.288116 5.008696 5.172619 4.161809 4.884078 5.700530 
4.080446 1.481888 0.000000 1.566560 1.724709 1.838218 1.937657 2.159627 2.774835 2.998610 5.826717 6.697531 5.412686 5.233439 6.091376 5.809806 5.850663 5.100108 5.632351 6.267671 
3.758917 1.421695 1.566560 0.000000 1.276054 1.632640 1.866536 1.436433 2.085934 2.177492 4.731540 5.240250 4.552765 4.647304 5.532520 5.458210 5.410607 4.715241 5.533175 6.411340 
3.886510 1.616569 1.724709 1.276054 0.000000 1.499198 1.625420 1.206433 1.746900 2.120042 4.673801 5.304186 4.546126 4.637755 5.340802 5.230514 5.191106 4.709392 5.365179 6.441195 
3.748687 1.789244 1.838218 1.632640 1.499198 0.000000 0.978276 1.293230 2.039700 2.151553 5.340293 5.994102 5.187308 5.106906 5.977359 6.000874 6.060842 4.910500 5.729295 6.372749 
3.566837 2.005026 1.937657 1.866536 1.625420 0.978276 0.000000 1.383416 1.899733 1.965581 5.313882 6.053470 5.329911 5.022724 5.806245 5.753082 5.751177 4.900020 5.815078 6.235371 
2.767869 1.601317 2.159627 1.436433 1.206433 1.293230 1.383416 0.000000 1.140046 1.240998 4.074667 4.636235 4.214869 4.046946 5.237698 4.826573 4.822252 4.060644 5.101635 5.688582 
3.421447 2.433217 2.774835 2.085934 1.746900 2.039700 1.899733 1.140046 0.000000 0.830012 3.565050 4.004161 3.870070 3.961932 4.863761 4.156548 4.152956 4.125636 5.114939 5.955970 
3.280003 2.396944 2.998610 2.177492 2.120042 2.151553 1.965581 1.240998 0.830012 0.000000 3.517871 3.986874 3.697006 3.627559 4.802207 4.311407 4.128289 3.763240 4.844128 5.607343 
4.611869 4.382524 5.826717 4.731540 4.673801 5.340293 5.313882 4.074667 3.565050 3.517871 0.000000 1.243716 1.877163 1.841421 3.610049 2.134374 2.531240 2.505121 3.908567 4.837668 
5.392923 5.321426 6.697531 5.240250 5.304186 5.994102 6.053470 4.636235 4.004161 3.986874 1.243716 0.000000 2.143374 2.853213 3.998149 2.313548 2.781661 3.376708 4.624365 5.618275 
4.252309 4.369854 5.412686 4.552765 4.546126 5.187308 5.329911 4.214869 3.870070 3.697006 1.877163 2.143374 0.000000 1.356073 2.983389 2.115632 2.120007 1.812919 2.330967 3.466938 
4.024584 4.098817 5.233439 4.647304 4.637755 5.106906 5.022724 4.046946 3.961932 3.627559 1.841421 2.853213 1.356073 0.000000 3.478216 2.472545 2.914797 1.559856 2.289180 3.177226 
5.421926 5.288116 6.091376 5.532520 5.340802 5.977359 5.806245 5.237698 4.863761 4.802207 3.610049 3.998149 2.983389 3.478216 0.000000 3.230631 3.458749 2.936380 2.745383 3.450820 
4.524514 5.008696 5.809806 5.458210 5.230514 6.000874 5.753082 4.826573 4.156548 4.311407 2.134374 2.313548 2.115632 2.472545 3.230631 0.000000 1.344115 2.541004 2.917870 4.017758 
4.720361 5.172619 5.850663 5.410607 5.191106 6.060842 5.751177 4.822252 4.152956 4.128289 2.531240 2.781661 2.120007 2.914797 3.458749 1.344115 0.000000 3.233126 3.527736 4.418662 
3.655659 4.161809 5.100108 4.715241 4.709392 4.910500 4.900020 4.060644 4.125636 3.763240 2.505121 3.376708 1.812919 1.559856 2.936380 2.541004 3.233126 0.000000 1.743767 2.685872 
4.187666 4.884078 5.632351 5.533175 5.365179 5.729295 5.815078 5.101635 5.114939 4.844128 3.908567 4.624365 2.330967 2.289180 2.745383 2.917870 3.527736 1.743767 0.000000 1.589217 
4.917217 5.700530 6.267671 6.411340 6.441195 6.372749 6.235371 5.688582 5.955970 5.607343 4.837668 5.618275 3.466938 3.177226 3.450820 4.017758 4.418662 2.685872 1.589217 0.000000 
