0.000000 1.231759 1.150323 1.082153 1.490509 1.630667 1.474609 1.193243 1.181341 1.434136 5.544960 5.045622 5.874004 6.123257 7.890648 7.179374 5.979819 4.597131 4.122015 2.432381 
1.231759 0.000000 1.472114 1.467433 1.183762 1.563088 1.291261 1.431457 1.031490 1.205442 4.970065 4.529364 5.723200 6.013914 7.861900 6.480120 5.097829 4.225839 3.647650 2.236293 
1.150323 1.472114 0.000000 0.617957 1.493151 2.228840 1.923802 1.629510 1.486570 1.596426 6.224278 5.554278 6.261362 6.261190 7.436633 6.471406 5.194337 5.012747 4.275093 1.934376 
1.082153 1.467433 0.617957 0.000000 1.521755 2.199397 1.731005 1.263079 1.371779 1.552059 5.538908 4.889679 5.852019 5.995786 7.493464 6.067656 4.940367 4.854180 3.949735 1.821818 
1.490509 1.183762 1.493151 1.521755 0.000000 1.576901 1.138782 1.403548 0.974035 0.743003 5.072572 4.584174 5.702105 6.139604 8.781637 6.795792 5.490441 4.151717 3.805049 1.951740 
1.630667 1.563088 2.228840 2.199397 1.576901 0.000000 1.836153 1.759564 1.370862 1.506686 5.308723 4.933446 6.558448 6.697472 9.084723 7.809433 6.509023 4.339848 4.436589 2.651861 
1.474609 1.291261 1.923802 1.731005 1.138782 1.836153 0.000000 1.204779 1.142503 0.998809 4.855666 4.562893 6.576817 6.653267 9.707914 7.302201 5.782418 4.159457 4.292321 2.435865 
1.193243 1.431457 1.629510 1.263079 1.403548 1.759564 1.204779 0.000000 0.673512 1.039187 4.714167 4.553182 6.202840 6.565541 9.052343 7.192229 5.781257 4.251679 4.009452 1.939733 
1.181341 1.031490 1.486570 1.371779 0.974035 1.370862 1.142503 0.673512 0.000000 0.518277 5.100463 4.778423 6.004831 6.516082 8.992222 7.229762 5.855726 4.209645 3.951401 1.758474 
1.434136 1.205442 1.596426 1.552059 0.743003 1.506686 0.998809 1.039187 0.518277 0.000000 5.130058 4.696645 6.101965 6.494563 9.485392 7.231703 5.768926 4.214804 3.908178 2.030721 
5.544960 4.970065 6.224278 5.538908 5.072572 5.308723 4.855666 4.714167 5.100463 5.130058 0.000000 1.558218 7.552345 6.915806 9.904267 7.344518 6.117419 5.360118 5.705633 5.417818 
5.045622 4.529364 5.554278 4.889679 4.584174 4.933446 4.562893 4.553182 4.778423 4.696645 1.558218 0.000000 6.005035 5.851594 8.534682 6.216154 5.284717 4.146848 4.146221 4.959696 
5.874004 5.723200 6.261362 5.852019 5.702105 6.558448 6.576817 6.202840 6.004831 6.101965 7.552345 6.005035 0.000000 2.254742 7.102328 8.401579 8.095414 4.965961 4.351113 6.282720 
6.123257 6.013914 6.261190 5.995786 6.139604 6.697472 6.653267 6.565541 6.516082 6.494563 6.915806 5.851594 2.254742 0.000000 6.563666 7.668438 7.290128 4.917338 5.056954 5.865677 
7.890648 7.861900 7.436633 7.493464 8.781637 9.084723 9.707914 9.052343 8.992222 9.485392 9.904267 8.534682 7.102328 6.563666 0.000000 4.225593 4.444588 8.973251 8.215087 7.405542 
7.179374 6.480120 6.471406 6.067656 6.795792 7.809433 7.302201 7.192229 7.229762 7.231703 7.344518 6.216154 8.401579 7.668438 4.225593 0.000000 1.480251 6.491886 6.062646 5.794686 
5.979819 5.097829 5.194337 4.940367 5.490441 6.509023 5.782418 5.781257 5.855726 5.768926 6.117419 5.284717 8.095414 7.290128 4.444588 1.480251 0.000000 5.483094 5.166821 4.690702 
4.597131 4.225839 5.012747 4.854180 4.151717 4.339848 4.159457 4.251679 4.209645 4.214804 5.360118 4.146848 4.965961 4.917338 8.973251 6.491886 5.483094 0.000000 2.359250 3.794388 
4.122015 3.647650 4.275093 3.949735 3.805049 4.436589 4.292321 4.009452 3.951401 3.908178 5.705633 4.146221 4.351113 5.056954 8.215087 6.062646 5.166821 2.359250 0.000000 3.491295 
2.432381 2.236293 1.934376 1.821818 1.951740 2.651861 2.435865 1.939733 1.758474 2.030721 5.417818 4.959696 6.282720 5.865677 7.405542 5.794686 4.690702 3.794388 3.491295 0.000000 
