0.000000 2.107901 1.862725 2.277172 1.371755 1.862866 3.095961 3.087358 3.049138 2.457967 6.227817 8.256763 8.610348 6.299564 8.198103 6.944047 8.400308 7.416238 5.263469 6.954978 
2.107901 0.000000 1.627374 1.426513 2.204080 2.531453 3.752727 3.886379 3.390829 3.278182 5.804112 7.653160 8.095074 5.718207 9.447917 7.430825 9.077783 7.516798 5.024856 7.008713 
1.862725 1.627374 0.000000 1.696813 1.729854 2.265259 2.892292 2.895950 3.010851 2.280879 5.574922 8.291210 8.229145 6.214798 8.184692 6.859074 8.384745 6.210538 4.204085 6.004047 
2.277172 1.426513 1.696813 0.000000 2.109162 1.934617 2.719237 2.700326 2.306964 2.622340 6.372253 8.494486 8.287684 5.668981 8.260192 6.465651 7.594193 6.835221 4.251301 5.622405 
1.371755 2.204080 1.729854 2.109162 0.000000 1.199217 2.533318 1.704831 2.669939 1.377590 6.069256 8.430768 8.561953 6.116679 9.131818 7.393561 9.007451 7.393874 5.195577 6.766567 
1.862866 2.531453 2.265259 1.934617 1.199217 0.000000 2.005429 1.298842 1.454399 0.931459 6.747674 8.742774 8.920343 6.109167 8.632500 6.707860 7.590402 7.067612 4.569878 6.012727 
3.095961 3.752727 2.892292 2.719237 2.533318 2.005429 0.000000 2.611783 2.347778 2.400231 6.862048 8.358128 9.058435 6.499374 8.675790 6.791689 7.730405 7.715635 4.877570 6.274289 
3.087358 3.886379 2.895950 2.700326 1.704831 1.298842 2.611783 0.000000 2.470016 1.767117 7.281357 9.675793 9.348574 6.836636 10.479480 8.321160 9.522337 8.361653 5.380747 6.966863 
3.049138 3.390829 3.010851 2.306964 2.669939 1.454399 2.347778 2.470016 0.000000 2.015839 7.092326 8.971706 9.112030 6.678267 7.607763 5.861433 6.541143 6.650789 3.682159 4.871657 
2.457967 3.278182 2.280879 2.622340 1.377590 0.931459 2.400231 1.767117 2.015839 0.000000 7.149135 9.638543 8.733486 5.991159 8.714546 7.226872 8.128507 6.994949 5.073038 6.196685 
6.227817 5.804112 5.574922 6.372253 6.069256 6.747674 6.862048 7.281357 7.092326 7.149135 0.000000 4.220634 7.162171 6.809100 8.115897 6.681157 9.009948 6.825126 5.638102 6.676032 
8.256763 7.653160 8.291210 8.494486 8.430768 8.742774 8.358128 9.675793 8.971706 9.638543 4.220634 0.000000 6.502653 8.098429 9.165621 7.252460 8.785037 8.514520 7.447983 8.168146 
8.610348 8.095074 8.229145 8.287684 8.561953 8.920343 9.058435 9.348574 9.112030 8.733486 7.162171 6.502653 0.000000 6.028721 8.754097 8.657297 9.280748 8.697793 8.667708 8.967490 
6.299564 5.718207 6.214798 5.668981 6.116679 6.109167 6.499374 6.836636 6.678267 5.991159 6.809100 8.098429 6.028721 0.000000 8.248638 7.501370 7.683138 7.890608 6.739193 6.613799 
8.198103 9.447917 8.184692 8.260192 9.131818 8.632500 8.675790 10.479480 7.607763 8.714546 8.115897 9.165621 8.754097 8.248638 0.000000 3.233960 3.230540 3.748356 4.606234 3.325349 
6.944047 7.430825 6.859074 6.465651 7.393561 6.707860 6.791689 8.321160 5.861433 7.226872 6.681157 7.252460 8.657297 7.501370 3.233960 0.000000 2.375200 4.029280 2.825349 2.358164 
8.400308 9.077783 8.384745 7.594193 9.007451 7.590402 7.730405 9.522337 6.541143 8.128507 9.009948 8.785037 9.280748 7.683138 3.230540 2.375200 0.000000 5.709188 4.397910 3.350341 
7.416238 7.516798 6.210538 6.835221 7.393874 7.067612 7.715635 8.361653 6.650789 6.994949 6.825126 8.514520 8.697793 7.890608 3.748356 4.029280 5.709188 0.000000 3.091119 2.504122 
5.263469 5.024856 4.204085 4.251301 5.195577 4.569878 4.877570 5.380747 3.682159 5.073038 5.638102 7.447983 8.667708 6.739193 4.606234 2.825349 4.397910 3.091119 0.000000 1.609989 
6.954978 7.008713 6.004047 5.622405 6.766567 6.012727 6.274289 6.966863 4.871657 6.196685 6.676032 8.168146 8.967490 6.613799 3.325349 2.358164 3.350341 2.504122 1.609989 0.000000 
