0.000000 1.968792 2.531099 2.145766 2.758408 3.133981 3.171294 3.380224 3.183976 3.423517 3.642396 3.169740 2.631001 3.644332 3.345618 3.339487 4.197086 4.487148 3.969145 3.275819 
1.968792 0.000000 1.404305 1.343706 2.630169 2.625742 2.959545 2.939744 2.473018 3.031807 4.118598 3.710594 3.114968 4.428692 3.716896 3.631196 4.189139 4.318085 4.493504 4.091407 
2.531099 1.404305 0.000000 1.353640 2.364742 2.305942 2.791966 2.851958 2.386989 2.664754 4.390848 3.763591 3.285592 4.722065 3.275314 3.104026 4.470974 4.339338 4.586209 4.289832 
2.145766 1.343706 1.353640 0.000000 2.511598 2.226032 2.587073 2.704512 2.279786 2.803610 4.175652 3.566970 3.073999 4.717488 3.695775 3.536777 4.164069 3.944544 4.468908 4.125193 
2.758408 2.630169 2.364742 2.511598 0.000000 2.125998 2.749831 2.296954 2.294013 2.536017 4.606866 4.131299 4.304865 5.291571 3.472842 3.350979 5.220654 5.305718 4.702957 4.922128 
3.133981 2.625742 2.305942 2.226032 2.125998 0.000000 2.062901 1.799019 2.353861 1.957127 4.908372 4.258814 4.449993 5.730795 4.189329 3.817334 5.429255 5.549451 5.365655 5.120609 
3.171294 2.959545 2.791966 2.587073 2.749831 2.062901 0.000000 1.902890 2.397190 2.268094 4.959311 4.198627 4.189872 5.677479 4.512837 4.045268 5.578898 5.597023 5.288040 5.210801 
3.380224 2.939744 2.851958 2.704512 2.296954 1.799019 1.902890 0.000000 2.342039 2.000765 5.345931 4.641907 4.628229 6.014890 4.419610 4.132109 5.781341 5.673939 5.673820 5.481765 
3.183976 2.473018 2.386989 2.279786 2.294013 2.353861 2.397190 2.342039 0.000000 2.690177 4.891660 4.393885 4.251944 5.420640 4.242208 4.077778 5.404898 5.764424 5.001401 5.179323 
3.423517 3.031807 2.664754 2.803610 2.536017 1.957127 2.268094 2.000765 2.690177 0.000000 4.794760 4.085937 4.640786 5.583649 3.856421 3.840139 5.458856 5.425886 4.594780 5.311219 
3.642396 4.118598 4.390848 4.175652 4.606866 4.908372 4.959311 5.345931 4.891660 4.794760 0.000000 2.218638 3.941392 4.629362 4.695206 5.717517 4.412755 4.715790 2.370891 4.024563 
3.169740 3.710594 3.763591 3.566970 4.131299 4.258814 4.198627 4.641907 4.393885 4.085937 2.218638 0.000000 3.338016 3.931813 3.637914 4.607747 4.216434 4.141621 1.759664 3.194095 
2.631001 3.114968 3.285592 3.073999 4.304865 4.449993 4.189872 4.628229 4.251944 4.640786 3.941392 3.338016 0.000000 2.345130 3.387965 3.835084 3.279060 3.716158 3.741801 2.265598 
3.644332 4.428692 4.722065 4.717488 5.291571 5.730795 5.677479 6.014890 5.420640 5.583649 4.629362 3.931813 2.345130 0.000000 4.208067 4.806044 3.174742 4.855762 4.467571 1.909066 
3.345618 3.716896 3.275314 3.695775 3.472842 4.189329 4.512837 4.419610 4.242208 3.856421 4.695206 3.637914 3.387965 4.208067 0.000000 2.155882 4.564218 4.867976 3.738930 3.956608 
3.339487 3.631196 3.104026 3.536777 3.350979 3.817334 4.045268 4.132109 4.077778 3.840139 5.717517 4.607747 3.835084 4.806044 2.155882 0.000000 5.091902 5.196173 5.102691 4.687153 
4.197086 4.189139 4.470974 4.164069 5.220654 5.429255 5.578898 5.781341 5.404898 5.458856 4.412755 4.216434 3.279060 3.174742 4.564218 5.091902 0.000000 2.723516 4.421263 3.257638 
4.487148 4.318085 4.339338 3.944544 5.305718 5.549451 5.597023 5.673939 5.764424 5.425886 4.715790 4.141621 3.716158 4.855762 4.867976 5.196173 2.723516 0.000000 4.456321 3.725542 
3.969145 4.493504 4.586209 4.468908 4.702957 5.365655 5.288040 5.673820 5.001401 4.594780 2.370891 1.759664 3.741801 4.467571 3.738930 5.102691 4.421263 4.456321 0.000000 3.919243 
3.275819 4.091407 4.289832 4.125193 4.922128 5.120609 5.210801 5.481765 5.179323 5.311219 4.024563 3.194095 2.265598 1.909066 3.956608 4.687153 3.257638 3.725542 3.919243 0.000000 
