0.000000 0.797411 1.031430 1.136369 1.349178 4.667509 2.924080 2.594730 2.374642 2.761699 1.946969 1.515162 1.964903 2.762295 3.422284 2.298895 3.746236 3.157045 2.242053 1.963037 
0.797411 0.000000 0.750963 1.331164 1.634743 4.599179 3.000092 2.832383 2.411658 2.860116 2.049076 1.761973 1.908563 2.664479 3.040606 2.020154 4.300502 3.365961 2.436526 1.795432 
1.031430 0.750963 0.000000 1.235532 1.637650 4.815348 3.044767 2.898877 2.420212 3.021106 1.907368 1.771674 2.075478 2.562261 2.811170 2.114784 3.488256 3.223486 2.044914 2.050300 
1.136369 1.331164 1.235532 0.000000 2.207426 4.364891 3.541835 2.678276 3.041503 3.470132 2.213549 1.380511 2.131930 2.487292 3.335714 2.409681 3.804151 3.638590 2.287418 1.985925 
1.349178 1.634743 1.637650 2.207426 0.000000 4.073316 2.499508 1.912055 1.944708 2.214397 2.443019 2.206278 2.290736 3.295393 3.332660 2.556795 3.599298 2.789739 2.435566 2.057022 
4.667509 4.599179 4.815348 4.364891 4.073316 0.000000 3.718193 2.865734 3.715533 4.094819 4.955068 5.141711 6.074901 7.429009 7.035921 6.023142 6.921042 5.363868 5.459018 4.959350 
2.924080 3.000092 3.044767 3.541835 2.499508 3.718193 0.000000 2.252050 0.640456 0.575384 3.773988 4.091805 4.015180 5.765747 4.729752 4.204100 5.277203 3.065355 4.022503 3.836388 
2.594730 2.832383 2.898877 2.678276 1.912055 2.865734 2.252050 0.000000 1.746705 2.230719 2.890074 2.978507 3.240226 4.363113 3.836309 3.113530 3.912311 2.920150 3.103830 2.840073 
2.374642 2.411658 2.420212 3.041503 1.944708 3.715533 0.640456 1.746705 0.000000 0.759879 3.189209 3.455280 3.320842 4.799339 4.227100 3.521991 4.800122 2.856519 3.427983 3.279163 
2.761699 2.860116 3.021106 3.470132 2.214397 4.094819 0.575384 2.230719 0.759879 0.000000 3.421964 3.813360 3.732883 5.363243 4.770907 3.972318 5.098336 2.775812 3.570295 3.386763 
1.946969 2.049076 1.907368 2.213549 2.443019 4.955068 3.773988 2.890074 3.189209 3.421964 0.000000 1.182032 2.058848 2.181305 2.659610 1.853107 2.271361 2.128981 1.065714 1.595579 
1.515162 1.761973 1.771674 1.380511 2.206278 5.141711 4.091805 2.978507 3.455280 3.813360 1.182032 0.000000 1.734277 1.778254 2.734686 1.789334 3.254551 3.202308 1.277385 1.376069 
1.964903 1.908563 2.075478 2.131930 2.290736 6.074901 4.015180 3.240226 3.320842 3.732883 2.058848 1.734277 0.000000 1.870041 2.808018 2.193393 3.985980 3.085477 2.397691 1.538404 
2.762295 2.664479 2.562261 2.487292 3.295393 7.429009 5.765747 4.363113 4.799339 5.363243 2.181305 1.778254 1.870041 0.000000 3.292980 2.726305 3.874497 4.163559 2.144095 2.604695 
3.422284 3.040606 2.811170 3.335714 3.332660 7.035921 4.729752 3.836309 4.227100 4.770907 2.659610 2.734686 2.808018 3.292980 0.000000 1.544902 3.330251 3.101002 2.931162 2.270880 
2.298895 2.020154 2.114784 2.409681 2.556795 6.023142 4.204100 3.113530 3.521991 3.972318 1.853107 1.789334 2.193393 2.726305 1.544902 0.000000 3.450189 3.147222 2.268854 1.575532 
3.746236 4.300502 3.488256 3.804151 3.599298 6.921042 5.277203 3.912311 4.800122 5.098336 2.271361 3.254551 3.985980 3.874497 3.330251 3.450189 0.000000 2.202904 2.710471 3.418856 
3.157045 3.365961 3.223486 3.638590 2.789739 5.363868 3.065355 2.920150 2.856519 2.775812 2.128981 3.202308 3.085477 4.163559 3.101002 3.147222 2.202904 0.000000 2.770784 2.831028 
2.242053 2.436526 2.044914 2.287418 2.435566 5.459018 4.022503 3.103830 3.427983 3.570295 1.065714 1.277385 2.397691 2.144095 2.931162 2.268854 2.710471 2.770784 0.000000 1.585254 
1.963037 1.795432 2.050300 1.985925 2.057022 4.959350 3.836388 2.840073 3.279163 3.386763 1.595579 1.376069 1.538404 2.604695 2.270880 1.575532 3.418856 2.831028 1.585254 0.000000 
