0.000000 1.365427 1.733309 1.471794 1.447311 2.825187 1.418439 1.468984 1.335553 1.854206 4.762366 5.185432 5.578847 6.020702 2.986929 3.724313 3.564839 3.400918 3.161292 3.096379 
1.365427 0.000000 1.392824 0.622120 0.974939 2.506230 1.228558 1.658273 1.465734 1.678188 5.146163 5.750385 6.214501 6.729727 3.928728 4.149152 4.051348 4.138413 3.591717 3.644164 
1.733309 1.392824 0.000000 1.602296 1.637666 2.923786 2.053920 1.801682 1.675634 1.887941 4.732377 5.222952 5.730118 6.186166 3.822708 4.153387 4.159198 3.725123 3.273407 3.578330 
1.471794 0.622120 1.602296 0.000000 0.817884 2.547356 1.270534 1.472197 1.287199 1.397972 4.725648 5.530979 5.907227 6.323690 3.911467 3.890283 3.651880 3.939632 3.347639 3.248550 
1.447311 0.974939 1.637666 0.817884 0.000000 2.560786 1.076902 1.221333 0.877046 1.181803 4.952621 5.607667 6.026887 6.399834 3.923210 3.966934 3.757296 4.080814 3.518257 3.544361 
2.825187 2.506230 2.923786 2.547356 2.560786 0.000000 2.334815 2.340212 2.861024 2.736312 6.167378 6.649968 7.034416 7.477948 4.610067 5.010954 5.074308 5.108725 4.676869 4.465901 
1.418439 1.228558 2.053920 1.270534 1.076902 2.334815 0.000000 0.865951 1.166669 1.270156 5.099670 5.679125 5.949272 6.500098 4.108489 3.915331 3.693384 4.149441 3.544670 3.453873 
1.468984 1.658273 1.801682 1.472197 1.221333 2.340212 0.865951 0.000000 0.994271 1.002407 5.030485 5.476985 5.866775 6.215607 3.749516 3.735278 3.739592 3.849886 3.296977 3.507499 
1.335553 1.465734 1.675634 1.287199 0.877046 2.861024 1.166669 0.994271 0.000000 1.387760 5.118651 5.527711 6.027872 6.424269 3.876869 4.141072 4.020062 4.039074 3.733904 3.789703 
1.854206 1.678188 1.887941 1.397972 1.181803 2.736312 1.270156 1.002407 1.387760 0.000000 4.709520 5.313073 5.798187 6.162855 3.921013 3.600563 3.456546 3.817325 3.147835 3.291434 
4.762366 5.146163 4.732377 4.725648 4.952621 6.167378 5.099670 5.030485 5.118651 4.709520 0.000000 1.774207 2.164645 2.894499 3.666304 3.503255 3.378947 2.790276 2.535553 3.318627 
5.185432 5.750385 5.222952 5.530979 5.607667 6.649968 5.679125 5.476985 5.527711 5.313073 1.774207 0.000000 1.760311 2.616213 3.922465 4.205593 4.241427 3.258450 3.621660 4.195988 
5.578847 6.214501 5.730118 5.907227 6.026887 7.034416 5.949272 5.866775 6.027872 5.798187 2.164645 1.760311 0.000000 1.735498 4.509983 4.378336 4.321502 3.599546 3.744409 4.387685 
6.020702 6.729727 6.186166 6.323690 6.399834 7.477948 6.500098 6.215607 6.424269 6.162855 2.894499 2.616213 1.735498 0.000000 4.766405 5.097448 4.999541 4.376519 4.765181 4.927267 
2.986929 3.928728 3.822708 3.911467 3.923210 4.610067 4.108489 3.749516 3.876869 3.921013 3.666304 3.922465 4.509983 4.766405 0.000000 1.491975 1.668271 1.132252 1.620863 1.724365 
3.724313 4.149152 4.153387 3.890283 3.966934 5.010954 3.915331 3.735278 4.141072 3.600563 3.503255 4.205593 4.378336 5.097448 1.491975 0.000000 0.951144 1.221244 1.321011 1.953518 
3.564839 4.051348 4.159198 3.651880 3.757296 5.074308 3.693384 3.739592 4.020062 3.456546 3.378947 4.241427 4.321502 4.999541 1.668271 0.951144 0.000000 1.450440 1.265815 1.933849 
3.400918 4.138413 3.725123 3.939632 4.080814 5.108725 4.149441 3.849886 4.039074 3.817325 2.790276 3.258450 3.599546 4.376519 1.132252 1.221244 1.450440 0.000000 1.086183 1.464615 
3.161292 3.591717 3.273407 3.347639 3.518257 4.676869 3.544670 3.296977 3.733904 3.147835 2.535553 3.621660 3.744409 4.765181 1.620863 1.321011 1.265815 1.086183 0.000000 1.444647 
3.096379 3.644164 3.578330 3.248550 3.544361 4.465901 3.453873 3.507499 3.789703 3.291434 3.318627 4.195988 4.387685 4.927267 1.724365 1.953518 1.933849 1.464615 1.444647 0.000000 
