0.000000 2.543135 2.371574 2.769448 1.683721 1.482284 2.315157 1.832735 2.419685 3.068735 5.324070 5.366497 4.020229 4.475296 3.916437 2.300287 4.534202 4.416533 5.127486 5.045508 
2.543135 0.000000 1.696760 2.226732 2.622113 2.065468 2.782151 2.129294 2.898618 2.811288 5.092504 4.912168 3.651886 4.185454 4.081041 3.299093 4.229836 3.384463 4.086652 4.942354 
2.371574 1.696760 0.000000 1.483863 2.459944 1.739087 2.305194 1.738319 2.356377 2.729778 3.517123 3.735705 3.017687 3.007292 3.401595 3.143699 3.120116 2.976308 3.865919 3.859516 
2.769448 2.226732 1.483863 0.000000 2.752705 2.073495 2.625808 1.595681 2.255181 2.435650 3.680243 3.820530 3.033044 3.308889 3.163569 3.344115 2.874883 3.178935 3.314027 3.312586 
1.683721 2.622113 2.459944 2.752705 0.000000 1.631231 2.253540 1.827762 2.335040 3.302350 4.776529 4.260847 4.007018 4.326933 3.227574 2.206377 4.413839 3.636652 4.445235 4.317122 
1.482284 2.065468 1.739087 2.073495 1.631231 0.000000 1.120163 1.074110 1.609033 2.473063 4.521796 4.801854 3.185665 3.590267 3.646034 3.101850 4.082422 3.425738 4.605260 4.549674 
2.315157 2.782151 2.305194 2.625808 2.253540 1.120163 0.000000 1.581580 2.141224 2.942840 4.064757 4.501446 2.874569 3.256416 3.623767 3.566606 3.837171 3.091162 4.496420 4.399724 
1.832735 2.129294 1.738319 1.595681 1.827762 1.074110 1.581580 0.000000 2.021811 2.668894 3.950394 3.834934 2.685400 2.552835 2.602640 2.787053 3.317734 2.770693 4.232395 4.030293 
2.419685 2.898618 2.356377 2.255181 2.335040 1.609033 2.141224 2.021811 0.000000 0.976631 4.755492 5.019652 3.916094 3.659888 3.327205 3.844256 4.393716 3.922302 4.624546 4.406088 
3.068735 2.811288 2.729778 2.435650 3.302350 2.473063 2.942840 2.668894 0.976631 0.000000 5.805077 6.240808 4.434055 4.637166 3.710852 4.191207 5.200610 4.826514 4.680823 5.011461 
5.324070 5.092504 3.517123 3.680243 4.776529 4.521796 4.064757 3.950394 4.755492 5.805077 0.000000 2.142955 3.046390 2.972998 3.682419 4.656692 2.649722 2.988582 2.857724 2.743942 
5.366497 4.912168 3.735705 3.820530 4.260847 4.801854 4.501446 3.834934 5.019652 6.240808 2.142955 0.000000 3.858198 2.904645 3.432827 4.294501 3.416042 2.477382 4.395196 4.317101 
4.020229 3.651886 3.017687 3.033044 4.007018 3.185665 2.874569 2.685400 3.916094 4.434055 3.046390 3.858198 0.000000 1.882152 3.539430 4.027094 2.039179 2.143922 2.672881 2.824637 
4.475296 4.185454 3.007292 3.308889 4.326933 3.590267 3.256416 2.552835 3.659888 4.637166 2.972998 2.904645 1.882152 0.000000 2.917866 4.177988 2.583788 1.680708 3.820373 3.322982 
3.916437 4.081041 3.401595 3.163569 3.227574 3.646034 3.623767 2.602640 3.327205 3.710852 3.682419 3.432827 3.539430 2.917866 0.000000 2.858821 3.431375 3.115362 3.954093 3.809430 
2.300287 3.299093 3.143699 3.344115 2.206377 3.101850 3.566606 2.787053 3.844256 4.191207 4.656692 4.294501 4.027094 4.177988 2.858821 0.000000 3.984149 3.504708 4.603919 4.307282 
4.534202 4.229836 3.120116 2.874883 4.413839 4.082422 3.837171 3.317734 4.393716 5.200610 2.649722 3.416042 2.039179 2.583788 3.431375 3.984149 0.000000 1.951220 1.858513 1.784870 
4.416533 3.384463 2.976308 3.178935 3.636652 3.425738 3.091162 2.770693 3.922302 4.826514 2.988582 2.477382 2.143922 1.680708 3.115362 3.504708 1.951220 0.000000 3.265226 2.982517 
5.127486 4.086652 3.865919 3.314027 4.445235 4.605260 4.496420 4.232395 4.624546 4.680823 2.857724 4.395196 2.672881 3.820373 3.954093 4.603919 1.858513 3.265226 0.000000 1.062713 
5.045508 4.942354 3.859516 3.312586 4.317122 4.549674 4.399724 4.030293 4.406088 5.011461 2.743942 4.317101 2.824637 3.322982 3.809430 4.307282 1.784870 2.982517 1.062713 0.000000 
