0.000000 1.655250 1.603208 2.207961 2.138934 3.257199 3.428679 3.981711 3.583178 3.784049 3.586108 3.308559 6.340694 3.655868 3.663074 3.411325 6.663004 5.525244 3.376345 3.644420 
1.655250 0.000000 1.433902 1.806606 1.884564 2.766087 2.720798 3.516123 2.948953 3.277012 2.491278 2.310790 6.128976 3.361390 3.722101 3.711104 6.393737 5.086054 2.527152 2.943141 
1.603208 1.433902 0.000000 1.125262 1.855842 3.364401 3.330857 4.104725 3.414192 3.651169 2.996936 2.777899 6.017425 3.108393 3.101960 3.054853 6.335019 5.365298 2.982533 3.176050 
2.207961 1.806606 1.125262 0.000000 2.796864 3.739156 3.665175 4.336680 3.400854 3.911310 3.612644 3.420165 6.952093 3.540418 3.290861 3.602494 6.334562 5.758493 3.293837 3.585321 
2.138934 1.884564 1.855842 2.796864 0.000000 3.597218 3.443332 4.210789 3.811957 3.915453 3.103195 2.905488 5.711075 2.760720 2.772364 2.749147 7.023428 5.620447 3.418652 3.690514 
3.257199 2.766087 3.364401 3.739156 3.597218 0.000000 2.048217 2.237858 2.177127 1.677825 3.622705 3.226183 5.312144 4.851679 5.166590 5.091750 5.570464 5.000066 2.526184 2.774504 
3.428679 2.720798 3.330857 3.665175 3.443332 2.048217 0.000000 1.036039 1.156736 1.416008 2.646595 2.781948 6.013902 4.209929 4.542899 4.603327 4.280284 3.508237 2.526757 3.207175 
3.981711 3.516123 4.104725 4.336680 4.210789 2.237858 1.036039 0.000000 1.229225 1.340103 3.569250 3.194798 5.782256 4.477518 4.827831 4.788837 3.702972 3.543117 2.976411 3.791097 
3.583178 2.948953 3.414192 3.400854 3.811957 2.177127 1.156736 1.229225 0.000000 1.376877 2.505709 2.372628 6.956199 3.685948 4.016717 4.103196 3.786776 3.870563 2.353977 2.921561 
3.784049 3.277012 3.651169 3.911310 3.915453 1.677825 1.416008 1.340103 1.376877 0.000000 3.524893 3.248532 5.481125 4.572586 4.999279 4.955647 4.549478 4.219166 2.727781 3.286861 
3.586108 2.491278 2.996936 3.612644 3.103195 3.622705 2.646595 3.569250 2.505709 3.524893 0.000000 0.776214 7.359660 3.369832 3.571249 3.589623 5.903799 4.939895 2.164052 2.227620 
3.308559 2.310790 2.777899 3.420165 2.905488 3.226183 2.781948 3.194798 2.372628 3.248532 0.776214 0.000000 6.259500 3.161350 3.497642 3.417914 5.700371 5.026784 1.731854 2.006263 
6.340694 6.128976 6.017425 6.952093 5.711075 5.312144 6.013902 5.782256 6.956199 5.481125 7.359660 6.259500 0.000000 6.195978 6.381171 6.503315 10.644930 9.173774 7.270247 7.327481 
3.655868 3.361390 3.108393 3.540418 2.760720 4.851679 4.209929 4.477518 3.685948 4.572586 3.369832 3.161350 6.195978 0.000000 1.713356 1.375731 6.361165 6.005487 3.857277 4.194411 
3.663074 3.722101 3.101960 3.290861 2.772364 5.166590 4.542899 4.827831 4.016717 4.999279 3.571249 3.497642 6.381171 1.713356 0.000000 1.070290 6.711088 6.260639 4.104514 4.409147 
3.411325 3.711104 3.054853 3.602494 2.749147 5.091750 4.603327 4.788837 4.103196 4.955647 3.589623 3.417914 6.503315 1.375731 1.070290 0.000000 6.876010 6.422048 4.202314 4.522508 
6.663004 6.393737 6.335019 6.334562 7.023428 5.570464 4.280284 3.702972 3.786776 4.549478 5.903799 5.700371 10.644930 6.361165 6.711088 6.876010 0.000000 1.935993 4.749323 5.644830 
5.525244 5.086054 5.365298 5.758493 5.620447 5.000066 3.508237 3.543117 3.870563 4.219166 4.939895 5.026784 9.173774 6.005487 6.260639 6.422048 1.935993 0.000000 4.164090 4.967870 
3.376345 2.527152 2.982533 3.293837 3.418652 2.526184 2.526757 2.976411 2.353977 2.727781 2.164052 1.731854 7.270247 3.857277 4.104514 4.202314 4.749323 4.164090 0.000000 0.938152 
3.644420 2.943141 3.176050 3.585321 3.690514 2.774504 3.207175 3.791097 2.921561 3.286861 2.227620 2.006263 7.327481 4.194411 4.409147 4.522508 5.644830 4.967870 0.938152 0.000000 
