0.000000 0.487583 1.027370 0.794470 1.046635 0.848812 0.812342 0.709513 0.650654 0.920675 4.878665 3.459892 4.468222 6.343421 6.442017 6.029185 5.849270 3.325718 3.425985 3.349673 
0.487583 0.000000 0.965396 0.745412 1.594293 1.117616 1.036511 1.026844 0.970976 0.780429 5.018050 3.563385 4.099242 6.118144 6.007715 5.651320 5.389194 3.584139 3.865705 3.643679 
1.027370 0.965396 0.000000 0.705168 1.561678 1.680774 1.648203 1.356098 1.285478 1.415007 4.668572 3.619361 3.878831 6.226732 5.429132 5.274015 4.845521 3.433304 3.655443 3.705626 
0.794470 0.745412 0.705168 0.000000 1.181198 1.160163 0.990141 0.879088 0.749142 0.785165 4.612287 3.292622 3.716736 5.986376 5.481398 5.342057 4.951580 3.083795 3.736614 3.352200 
1.046635 1.594293 1.561678 1.181198 0.000000 1.171769 1.104515 0.906373 0.831325 1.443007 4.059332 3.148852 4.136191 6.344043 6.090325 5.775925 5.703028 3.213481 3.672504 3.641603 
0.848812 1.117616 1.680774 1.160163 1.171769 0.000000 0.790893 0.681680 0.569272 0.661795 4.656592 3.045251 4.106692 6.112769 5.916966 5.228931 5.180659 3.279483 3.992102 3.514303 
0.812342 1.036511 1.648203 0.990141 1.104515 0.790893 0.000000 0.555323 0.653840 0.870958 4.671417 3.161486 4.365694 6.270734 6.481406 6.123358 6.215465 3.093319 3.850219 3.276593 
0.709513 1.026844 1.356098 0.879088 0.906373 0.681680 0.555323 0.000000 0.391770 0.867637 4.192919 2.841925 3.977227 6.048836 5.960052 5.678530 5.244177 3.015695 3.339552 3.058193 
0.650654 0.970976 1.285478 0.749142 0.831325 0.569272 0.653840 0.391770 0.000000 0.939788 4.230597 2.823333 4.033715 6.151147 5.649461 5.283984 4.980939 2.783094 3.328102 2.988546 
0.920675 0.780429 1.415007 0.785165 1.443007 0.661795 0.870958 0.867637 0.939788 0.000000 4.677226 3.185302 3.775939 5.850283 5.422826 5.228663 4.923382 3.531135 4.329252 3.909945 
4.878665 5.018050 4.668572 4.612287 4.059332 4.656592 4.671417 4.192919 4.230597 4.677226 0.000000 2.742728 3.563509 4.581567 4.884389 5.178290 5.196486 5.188047 5.808596 5.779241 
3.459892 3.563385 3.619361 3.292622 3.148852 3.045251 3.161486 2.841925 2.823333 3.185302 2.742728 0.000000 3.914140 5.889235 4.179805 4.070545 3.932614 3.764798 5.048022 4.496908 
4.468222 4.099242 3.878831 3.716736 4.136191 4.106692 4.365694 3.977227 4.033715 3.775939 3.563509 3.914140 0.000000 4.636479 4.810950 4.608468 4.532949 6.064857 6.942582 6.973589 
6.343421 6.118144 6.226732 5.986376 6.344043 6.112769 6.270734 6.048836 6.151147 5.850283 4.581567 5.889235 4.636479 0.000000 6.793927 6.595618 7.311985 7.430264 7.794835 7.815668 
6.442017 6.007715 5.429132 5.481398 6.090325 5.916966 6.481406 5.960052 5.649461 5.422826 4.884389 4.179805 4.810950 6.793927 0.000000 1.474591 2.830976 7.634899 9.219378 8.693982 
6.029185 5.651320 5.274015 5.342057 5.775925 5.228931 6.123358 5.678530 5.283984 5.228663 5.178290 4.070545 4.608468 6.595618 1.474591 0.000000 2.346972 7.294904 8.555617 8.294209 
5.849270 5.389194 4.845521 4.951580 5.703028 5.180659 6.215465 5.244177 4.980939 4.923382 5.196486 3.932614 4.532949 7.311985 2.830976 2.346972 0.000000 7.216129 8.205264 8.546101 
3.325718 3.584139 3.433304 3.083795 3.213481 3.279483 3.093319 3.015695 2.783094 3.531135 5.188047 3.764798 6.064857 7.430264 7.634899 7.294904 7.216129 0.000000 1.745573 1.048460 
3.425985 3.865705 3.655443 3.736614 3.672504 3.992102 3.850219 3.339552 3.328102 4.329252 5.808596 5.048022 6.942582 7.794835 9.219378 8.555617 8.205264 1.745573 0.000000 1.726814 
3.349673 3.643679 3.705626 3.352200 3.641603 3.514303 3.276593 3.058193 2.988546 3.909945 5.779241 4.496908 6.973589 7.815668 8.693982 8.294209 8.546101 1.048460 1.726814 0.000000 
