0.000000 2.097486 2.193045 2.573211 2.572831 3.393485 3.062442 3.852830 2.923601 3.265667 2.954857 5.562165 4.600625 3.912205 2.889581 3.525672 3.524721 3.311681 2.777374 7.134434 
2.097486 0.000000 0.944546 1.317615 1.375863 2.668343 1.553158 2.868517 2.254590 3.153276 1.668977 4.004668 3.018899 2.202144 1.446983 1.893208 2.391939 1.890856 1.619315 6.554820 
2.193045 0.944546 0.000000 0.982683 1.585325 3.050590 1.581298 3.286378 2.217896 3.090067 2.487362 4.973994 3.902113 2.931158 1.775291 2.429919 2.548470 2.283601 1.785405 7.269575 
2.573211 1.317615 0.982683 0.000000 1.477637 1.905589 1.662072 3.333423 1.985107 2.602221 2.316974 4.274733 3.033332 2.397360 2.274391 3.049913 2.757091 2.802890 2.214105 7.661928 
2.572831 1.375863 1.585325 1.477637 0.000000 2.969245 1.718605 3.469555 2.721544 3.329914 2.432028 5.285770 4.046110 3.257708 2.665797 3.272354 3.563283 2.862583 2.861660 8.183073 
3.393485 2.668343 3.050590 1.905589 2.969245 0.000000 2.713878 3.872478 2.395025 2.729519 3.071858 4.213085 3.138396 2.732879 3.537783 3.941746 3.530676 3.923723 3.443728 7.975355 
3.062442 1.553158 1.581298 1.662072 1.718605 2.713878 0.000000 3.165262 2.027552 2.628234 3.488466 4.951182 3.930670 2.711485 2.602221 2.941458 2.847926 2.847730 2.350999 7.425822 
3.852830 2.868517 3.286378 3.333423 3.469555 3.872478 3.165262 0.000000 3.363321 4.611244 2.623719 2.431186 2.290047 2.886640 3.623556 2.943584 3.409419 2.807398 3.029299 5.569159 
2.923601 2.254590 2.217896 1.985107 2.721544 2.395025 2.027552 3.363321 0.000000 2.528700 3.538554 5.212491 4.294864 3.447257 2.646501 3.290323 3.364692 3.745498 2.437936 7.368444 
3.265667 3.153276 3.090067 2.602221 3.329914 2.729519 2.628234 4.611244 2.528700 0.000000 4.172595 5.818333 4.575185 3.797694 3.495077 4.223603 3.796043 4.339550 3.400253 7.949010 
2.954857 1.668977 2.487362 2.316974 2.432028 3.071858 3.488466 2.623719 3.538554 4.172595 0.000000 2.614002 1.704227 1.674285 1.979696 1.971297 2.757397 1.900771 2.238732 5.880634 
5.562165 4.004668 4.973994 4.274733 5.285770 4.213085 4.951182 2.431186 5.212491 5.818333 2.614002 0.000000 1.218171 2.509502 4.095196 2.826042 3.407294 3.827672 3.732238 4.072275 
4.600625 3.018899 3.902113 3.033332 4.046110 3.138396 3.930670 2.290047 4.294864 4.575185 1.704227 1.218171 0.000000 1.638340 3.094669 2.555746 2.611373 2.445316 2.991312 4.974606 
3.912205 2.202144 2.931158 2.397360 3.257708 2.732879 2.711485 2.886640 3.447257 3.797694 1.674285 2.509502 1.638340 0.000000 2.780438 2.570506 3.082534 2.572579 2.734444 7.367124 
2.889581 1.446983 1.775291 2.274391 2.665797 3.537783 2.602221 3.623556 2.646501 3.495077 1.979696 4.095196 3.094669 2.780438 0.000000 1.109404 1.815147 1.409075 0.979338 5.548105 
3.525672 1.893208 2.429919 3.049913 3.272354 3.941746 2.941458 2.943584 3.290323 4.223603 1.971297 2.826042 2.555746 2.570506 1.109404 0.000000 1.377737 1.450123 1.015686 4.138970 
3.524721 2.391939 2.548470 2.757091 3.563283 3.530676 2.847926 3.409419 3.364692 3.796043 2.757397 3.407294 2.611373 3.082534 1.815147 1.377737 0.000000 1.691052 0.935988 4.582298 
3.311681 1.890856 2.283601 2.802890 2.862583 3.923723 2.847730 2.807398 3.745498 4.339550 1.900771 3.827672 2.445316 2.572579 1.409075 1.450123 1.691052 0.000000 1.609938 6.068975 
2.777374 1.619315 1.785405 2.214105 2.861660 3.443728 2.350999 3.029299 2.437936 3.400253 2.238732 3.732238 2.991312 2.734444 0.979338 1.015686 0.935988 1.609938 0.000000 4.897214 
7.134434 6.554820 7.269575 7.661928 8.183073 7.975355 7.425822 5.569159 7.368444 7.949010 5.880634 4.072275 4.974606 7.367124 5.548105 4.138970 4.582298 6.068975 4.897214 0.000000 
