0.000000 2.262361 2.006707 2.431354 2.320867 1.881505 3.286701 2.095700 2.233531 3.727734 5.014005 5.204671 5.409191 5.010430 3.259229 4.209178 4.032109 3.433082 4.583523 4.511387 
2.262361 0.000000 1.268209 2.162635 1.983401 2.321414 2.129814 1.688457 1.862350 2.865248 5.960486 6.642008 7.088368 6.313650 3.966931 4.396715 3.519457 3.922686 5.129226 4.436750 
2.006707 1.268209 0.000000 1.264455 1.382470 1.203204 1.419922 1.144430 1.199791 1.992614 5.237268 5.807824 6.224470 5.554599 3.611998 4.254037 3.121940 3.650162 4.577619 4.027224 
2.431354 2.162635 1.264455 0.000000 1.747126 1.708028 1.641951 1.365557 1.390882 1.942387 5.263402 5.708541 6.012590 5.419476 4.471490 4.732447 3.915568 4.384030 5.154195 4.773368 
2.320867 1.983401 1.382470 1.747126 0.000000 1.172938 1.535067 1.583282 1.036932 2.202276 5.234920 5.863475 6.172287 5.468303 3.286724 4.115563 3.834217 3.395241 4.827680 4.618833 
1.881505 2.321414 1.203204 1.708028 1.172938 0.000000 1.880960 1.461926 1.001392 2.074361 5.084288 5.528564 5.833113 5.181099 3.794790 4.574582 4.082407 3.838122 4.809104 4.662127 
3.286701 2.129814 1.419922 1.641951 1.535067 1.880960 0.000000 1.733133 1.353738 1.407336 5.695256 6.281586 6.680845 5.956669 4.293194 4.627096 3.635660 3.901012 5.281812 4.937129 
2.095700 1.688457 1.144430 1.365557 1.583282 1.461926 1.733133 0.000000 1.071594 1.463915 4.641774 5.333037 5.724113 4.925967 3.579361 4.003767 3.305377 3.524293 4.087978 3.970311 
2.233531 1.862350 1.199791 1.390882 1.036932 1.001392 1.353738 1.071594 0.000000 1.434255 5.197937 5.806279 6.072839 5.349090 3.762607 4.180108 3.658983 3.569683 4.501829 4.453492 
3.727734 2.865248 1.992614 1.942387 2.202276 2.074361 1.407336 1.463915 1.434255 0.000000 5.568541 6.152182 6.620460 5.830642 5.085377 5.354379 4.387997 4.668733 5.204027 5.007994 
5.014005 5.960486 5.237268 5.263402 5.234920 5.084288 5.695256 4.641774 5.197937 5.568541 0.000000 1.247290 1.774539 1.122565 4.534874 4.307567 3.969637 4.551693 2.920246 2.514907 
5.204671 6.642008 5.807824 5.708541 5.863475 5.528564 6.281586 5.333037 5.806279 6.152182 1.247290 0.000000 1.499289 1.707097 4.984787 4.793990 4.998348 4.990379 3.580132 3.315518 
5.409191 7.088368 6.224470 6.012590 6.172287 5.833113 6.680845 5.724113 6.072839 6.620460 1.774539 1.499289 0.000000 2.058262 5.346416 5.179471 5.682349 5.424294 4.233299 4.202404 
5.010430 6.313650 5.554599 5.419476 5.468303 5.181099 5.956669 4.925967 5.349090 5.830642 1.122565 1.707097 2.058262 0.000000 4.519533 4.255700 4.348053 4.708141 3.278413 3.200487 
3.259229 3.966931 3.611998 4.471490 3.286724 3.794790 4.293194 3.579361 3.762607 5.085377 4.534874 4.984787 5.346416 4.519533 0.000000 2.217745 2.499824 1.455299 3.877620 3.935168 
4.209178 4.396715 4.254037 4.732447 4.115563 4.574582 4.627096 4.003767 4.180108 5.354379 4.307567 4.793990 5.179471 4.255700 2.217745 0.000000 2.565660 1.785513 3.511270 3.721310 
4.032109 3.519457 3.121940 3.915568 3.834217 4.082407 3.635660 3.305377 3.658983 4.387997 3.969637 4.998348 5.682349 4.348053 2.499824 2.565660 0.000000 2.332152 2.899468 2.613164 
3.433082 3.922686 3.650162 4.384030 3.395241 3.838122 3.901012 3.524293 3.569683 4.668733 4.551693 4.990379 5.424294 4.708141 1.455299 1.785513 2.332152 0.000000 3.414353 3.950448 
4.583523 5.129226 4.577619 5.154195 4.827680 4.809104 5.281812 4.087978 4.501829 5.204027 2.920246 3.580132 4.233299 3.278413 3.877620 3.511270 2.899468 3.414353 0.000000 2.272638 
4.511387 4.436750 4.027224 4.773368 4.618833 4.662127 4.937129 3.970311 4.453492 5.007994 2.514907 3.315518 4.202404 3.200487 3.935168 3.721310 2.613164 3.950448 2.272638 0.000000 
