0.000000 4.211977 4.555926 3.646723 5.071695 7.249468 6.502789 5.028269 4.790171 4.713152 9.614898 9.753475 7.063498 11.508360 8.469133 7.844237 9.953067 7.453206 7.134068 7.217804 
4.211977 0.000000 2.353181 1.788740 1.810783 5.178864 3.648347 2.384938 2.663308 2.859010 5.940087 6.046875 3.595655 6.380959 5.378651 3.717330 5.831989 4.364693 4.516996 4.226188 
4.555926 2.353181 0.000000 1.131948 2.128618 5.677756 2.076281 2.047543 1.870596 2.150265 6.795490 7.038206 4.505097 7.291775 6.134702 4.281429 6.506240 2.931093 3.150458 2.821206 
3.646723 1.788740 1.131948 0.000000 1.663378 5.213375 2.771310 1.979950 1.956576 2.070243 6.795774 6.950817 4.615959 7.510296 5.902524 4.449332 6.464333 3.636616 4.052655 3.594235 
5.071695 1.810783 2.128618 1.663378 0.000000 4.241725 2.257922 1.491885 1.659897 1.927263 6.048620 6.178545 3.964834 7.435421 5.429927 4.296092 6.442381 4.231641 4.645044 4.337807 
7.249468 5.178864 5.677756 5.213375 4.241725 0.000000 5.653794 3.898331 4.254368 4.271356 9.016084 8.797112 6.672884 8.874389 8.774751 7.886607 10.205410 7.343835 7.543145 7.595024 
6.502789 3.648347 2.076281 2.771310 2.257922 5.653794 0.000000 2.038220 1.910048 2.083418 7.035283 7.089023 5.425516 8.655605 6.634706 5.389110 7.588610 3.709539 3.871497 3.816741 
5.028269 2.384938 2.047543 1.979950 1.491885 3.898331 2.038220 0.000000 0.692075 0.840648 6.775527 6.836691 4.520912 8.295486 6.273045 5.445391 7.609289 3.767948 4.086943 3.947900 
4.790171 2.663308 1.870596 1.956576 1.659897 4.254368 1.910048 0.692075 0.000000 0.703946 6.827903 6.947986 4.593615 8.382541 6.302506 5.311164 7.401354 3.706428 4.027172 3.810256 
4.713152 2.859010 2.150265 2.070243 1.927263 4.271356 2.083418 0.840648 0.703946 0.000000 7.250859 7.412933 4.646452 8.693689 6.200470 5.454456 7.368643 3.631335 3.737266 3.712361 
9.614898 5.940087 6.795490 6.795774 6.048620 9.016084 7.035283 6.775527 6.827903 7.250859 0.000000 2.302683 5.920270 7.372145 4.231675 5.959438 6.341332 6.769828 7.307115 6.911565 
9.753475 6.046875 7.038206 6.950817 6.178545 8.797112 7.089023 6.836691 6.947986 7.412933 2.302683 0.000000 6.230703 8.107381 5.627405 6.488952 7.246515 6.986538 7.663421 7.131544 
7.063498 3.595655 4.505097 4.615959 3.964834 6.672884 5.425516 4.520912 4.593615 4.646452 5.920270 6.230703 0.000000 5.287248 5.103647 5.048854 6.365502 5.354513 4.434520 5.277711 
11.508360 6.380959 7.291775 7.510296 7.435421 8.874389 8.655605 8.295486 8.382541 8.693689 7.372145 8.107381 5.287248 0.000000 7.340871 6.901306 7.315259 7.803787 7.134024 7.293329 
8.469133 5.378651 6.134702 5.902524 5.429927 8.774751 6.634706 6.273045 6.302506 6.200470 4.231675 5.627405 5.103647 7.340871 0.000000 3.574257 3.062294 6.434841 6.451738 6.713548 
7.844237 3.717330 4.281429 4.449332 4.296092 7.886607 5.389110 5.445391 5.311164 5.454456 5.959438 6.488952 5.048854 6.901306 3.574257 0.000000 2.391199 4.819631 4.903641 4.905279 
9.953067 5.831989 6.506240 6.464333 6.442381 10.205410 7.588610 7.609289 7.401354 7.368643 6.341332 7.246515 6.365502 7.315259 3.062294 2.391199 0.000000 6.468686 6.554820 6.482693 
7.453206 4.364693 2.931093 3.636616 4.231641 7.343835 3.709539 3.767948 3.706428 3.631335 6.769828 6.986538 5.354513 7.803787 6.434841 4.819631 6.468686 0.000000 1.397343 0.732810 
7.134068 4.516996 3.150458 4.052655 4.645044 7.543145 3.871497 4.086943 4.027172 3.737266 7.307115 7.663421 4.434520 7.134024 6.451738 4.903641 6.554820 1.397343 0.000000 1.376653 
7.217804 4.226188 2.821206 3.594235 4.337807 7.595024 3.816741 3.947900 3.810256 3.712361 6.911565 7.131544 5.277711 7.293329 6.713548 4.905279 6.482693 0.732810 1.376653 0.000000 
