0.000000 2.039637 3.566302 5.496029 5.281140 5.060607 4.585910 4.536675 4.984370 4.356051 7.407615 6.994011 6.829144 7.516966 6.778465 5.639999 8.325744 8.332442 9.003626 8.650523 
2.039637 0.000000 2.186038 4.040438 3.965868 3.978776 3.968261 3.925412 4.793951 4.096002 7.638113 6.682495 7.152483 7.060266 6.231310 5.113995 7.732433 7.518327 8.550594 8.145104 
3.566302 2.186038 0.000000 2.402076 2.900075 2.269823 2.325026 2.651853 4.413149 4.138309 5.936660 4.945742 6.016416 5.432445 4.524184 4.871749 6.763957 6.440996 7.240878 6.765020 
5.496029 4.040438 2.402076 0.000000 2.041255 1.676446 2.846729 3.453551 5.394698 5.004145 5.930865 5.169953 6.019918 5.656327 4.890923 5.943289 7.430564 7.321917 7.127953 6.689872 
5.281140 3.965868 2.900075 2.041255 0.000000 2.017980 3.705789 3.903556 6.085103 5.591231 6.708206 5.849806 6.735174 6.494290 5.677129 6.786030 7.934844 8.053232 7.539866 7.330608 
5.060607 3.978776 2.269823 1.676446 2.017980 0.000000 2.973577 3.358478 5.381772 5.168166 6.184956 5.377168 6.197050 6.023422 5.093659 6.379281 7.684279 7.709042 7.355241 7.023486 
4.585910 3.968261 2.325026 2.846729 3.705789 2.973577 0.000000 1.635219 3.403766 3.042116 3.990721 3.653643 4.129898 4.678648 3.659405 4.666956 6.021286 5.920299 6.311640 5.704011 
4.536675 3.925412 2.651853 3.453551 3.903556 3.358478 1.635219 0.000000 3.050974 3.310845 4.090297 3.559945 4.340650 4.833852 3.982808 5.090788 5.944313 5.985538 6.487953 6.035971 
4.984370 4.793951 4.413149 5.394698 6.085103 5.381772 3.403766 3.050974 0.000000 2.070433 3.211167 3.451055 3.510201 3.903761 3.923823 3.712501 5.065120 5.054088 5.737562 5.271264 
4.356051 4.096002 4.138309 5.004145 5.591231 5.168166 3.042116 3.310845 2.070433 0.000000 3.967771 3.645182 2.965496 3.907374 3.876190 2.888352 5.332643 5.557435 6.114028 5.642565 
7.407615 7.638113 5.936660 5.930865 6.708206 6.184956 3.990721 4.090297 3.211167 3.967771 0.000000 1.524555 2.525192 3.218631 3.293171 4.288651 4.434503 4.761277 5.014373 4.394430 
6.994011 6.682495 4.945742 5.169953 5.849806 5.377168 3.653643 3.559945 3.451055 3.645182 1.524555 0.000000 2.913930 2.727467 2.431458 3.593955 3.955617 4.096385 3.825728 3.586961 
6.829144 7.152483 6.016416 6.019918 6.735174 6.197050 4.129898 4.340650 3.510201 2.965496 2.525192 2.913930 0.000000 3.447567 3.631961 3.738422 4.877748 5.524780 5.013375 4.642237 
7.516966 7.060266 5.432445 5.656327 6.494290 6.023422 4.678648 4.833852 3.903761 3.907374 3.218631 2.727467 3.447567 0.000000 1.734999 2.070588 3.699046 3.668163 3.387378 3.346829 
6.778465 6.231310 4.524184 4.890923 5.677129 5.093659 3.659405 3.982808 3.923823 3.876190 3.293171 2.431458 3.631961 1.734999 0.000000 2.364211 4.288939 4.368660 3.915773 4.062496 
5.639999 5.113995 4.871749 5.943289 6.786030 6.379281 4.666956 5.090788 3.712501 2.888352 4.288651 3.593955 3.738422 2.070588 2.364211 0.000000 4.574272 4.628058 4.609320 4.315477 
8.325744 7.732433 6.763957 7.430564 7.934844 7.684279 6.021286 5.944313 5.065120 5.332643 4.434503 3.955617 4.877748 3.699046 4.288939 4.574272 0.000000 0.923756 3.221804 3.109807 
8.332442 7.518327 6.440996 7.321917 8.053232 7.709042 5.920299 5.985538 5.054088 5.557435 4.761277 4.096385 5.524780 3.668163 4.368660 4.628058 0.923756 0.000000 3.119963 2.988918 
9.003626 8.550594 7.240878 7.127953 7.539866 7.355241 6.311640 6.487953 5.737562 6.114028 5.014373 3.825728 5.013375 3.387378 3.915773 4.609320 3.221804 3.119963 0.000000 1.384174 
8.650523 8.145104 6.765020 6.689872 7.330608 7.023486 5.704011 6.035971 5.271264 5.642565 4.394430 3.586961 4.642237 3.346829 4.062496 4.315477 3.109807 2.988918 1.384174 0.000000 
