0.000000 1.428529 1.424612 1.538028 1.224302 1.489756 1.207179 2.210906 1.993316 2.263141 3.864785 2.894917 3.097394 2.588791 3.685093 2.548861 2.849072 2.521304 3.644037 3.301628 
1.428529 0.000000 0.971688 1.217422 1.392201 1.478941 1.156483 1.768599 1.860558 1.846138 3.578746 2.752942 2.873077 2.467462 2.812337 1.994646 2.745404 1.928379 3.481971 2.408071 
1.424612 0.971688 0.000000 1.428579 0.954706 1.000419 1.136558 1.507601 1.361652 1.468130 3.142192 2.506561 3.095089 2.802831 2.994148 2.529805 2.719772 2.428046 3.846912 2.967824 
1.538028 1.217422 1.428579 0.000000 1.259739 1.545292 1.482895 2.019633 1.692367 2.074799 3.998834 2.815488 2.849186 2.299803 3.448858 2.338908 2.972270 2.596174 3.496368 2.913249 
1.224302 1.392201 0.954706 1.259739 0.000000 0.684696 1.078737 1.311708 1.126811 1.468578 3.346665 2.352744 3.374048 2.648461 3.154792 2.420859 2.296467 2.467541 3.838895 3.238700 
1.489756 1.478941 1.000419 1.545292 0.684696 0.000000 0.885549 0.909431 0.830862 0.922376 3.068235 2.130031 3.227886 2.436634 2.485375 2.260813 2.259637 2.369607 3.779959 3.033775 
1.207179 1.156483 1.136558 1.482895 1.078737 0.885549 0.000000 1.290195 1.442385 1.407374 3.463226 2.278794 2.898608 2.183999 2.799639 2.007681 2.465136 2.173804 3.598613 2.828239 
2.210906 1.768599 1.507601 2.019633 1.311708 0.909431 1.290195 0.000000 0.771411 0.674456 3.367468 2.328985 3.315207 2.384556 2.052271 1.942224 2.119030 2.654036 3.979587 3.104181 
1.993316 1.860558 1.361652 1.692367 1.126811 0.830862 1.442385 0.771411 0.000000 0.861992 2.707899 1.771092 3.277974 2.569743 2.109787 2.054319 2.023221 2.907137 3.914389 3.164403 
2.263141 1.846138 1.468130 2.074799 1.468578 0.922376 1.407374 0.674456 0.861992 0.000000 3.036357 2.522821 3.297095 2.481929 1.839339 2.009608 2.156043 2.639606 4.003662 3.050258 
3.864785 3.578746 3.142192 3.998834 3.346665 3.068235 3.463226 3.367468 2.707899 3.036357 0.000000 1.545130 4.026681 3.758156 2.287387 2.833222 2.904089 3.732202 5.207043 3.411191 
2.894917 2.752942 2.506561 2.815488 2.352744 2.130031 2.278794 2.328985 1.771092 2.522821 1.545130 0.000000 3.589746 2.973147 2.167965 2.323713 2.419696 3.203096 4.406916 3.309289 
3.097394 2.873077 3.095089 2.849186 3.374048 3.227886 2.898608 3.315207 3.277974 3.297095 4.026681 3.589746 0.000000 1.270893 3.364553 2.152182 2.586542 2.146617 2.811315 1.877031 
2.588791 2.467462 2.802831 2.299803 2.648461 2.436634 2.183999 2.384556 2.569743 2.481929 3.758156 2.973147 1.270893 0.000000 2.827069 1.670284 2.232653 1.961041 2.686365 1.908036 
3.685093 2.812337 2.994148 3.448858 3.154792 2.485375 2.799639 2.052271 2.109787 1.839339 2.287387 2.167965 3.364553 2.827069 0.000000 1.618320 1.732455 2.964233 4.365503 2.859757 
2.548861 1.994646 2.529805 2.338908 2.420859 2.260813 2.007681 1.942224 2.054319 2.009608 2.833222 2.323713 2.152182 1.670284 1.618320 0.000000 1.244201 1.860749 3.273368 2.242966 
2.849072 2.745404 2.719772 2.972270 2.296467 2.259637 2.465136 2.119030 2.023221 2.156043 2.904089 2.419696 2.586542 2.232653 1.732455 1.244201 0.000000 2.182299 3.630230 2.742124 
2.521304 1.928379 2.428046 2.596174 2.467541 2.369607 2.173804 2.654036 2.907137 2.639606 3.732202 3.203096 2.146617 1.961041 2.964233 1.860749 2.182299 0.000000 2.989499 2.197834 
3.644037 3.481971 3.846912 3.496368 3.838895 3.779959 3.598613 3.979587 3.914389 4.003662 5.207043 4.406916 2.811315 2.686365 4.365503 3.273368 3.630230 2.989499 0.000000 3.014836 
3.301628 2.408071 2.967824 2.913249 3.238700 3.033775 2.828239 3.104181 3.164403 3.050258 3.411191 3.309289 1.877031 1.908036 2.859757 2.242966 2.742124 2.197834 3.014836 0.000000 
