0.000000 2.738398 1.702233 1.443975 1.354240 1.547612 2.947489 1.202812 0.881167 2.238290 3.392820 3.588947 3.599357 3.291770 3.383802 2.194586 5.779974 5.516122 4.125694 5.031565 
2.738398 0.000000 0.976017 1.297441 2.293199 1.107064 0.982905 0.972625 2.559326 1.323151 5.374337 5.468032 2.710681 3.004985 3.570729 3.679848 7.452105 7.540815 5.869237 6.988486 
1.702233 0.976017 0.000000 1.159531 1.532446 1.050761 1.390328 0.636573 1.404167 1.504739 4.193615 4.325718 3.032810 3.122293 3.062296 2.629358 6.221698 6.136471 4.768680 5.816356 
1.443975 1.297441 1.159531 0.000000 1.784169 1.099715 1.877974 0.851380 1.780121 1.713123 4.088790 4.174026 3.012714 2.949935 3.605534 2.942550 6.400217 6.222749 4.728339 5.707839 
1.354240 2.293199 1.532446 1.784169 0.000000 1.733224 2.396752 1.542204 1.055483 1.934838 3.403460 3.340751 2.920593 2.763250 2.903888 1.781176 5.572205 5.374977 4.184715 4.813049 
1.547612 1.107064 1.050761 1.099715 1.733224 0.000000 0.918884 0.502171 1.697547 1.430464 4.163425 4.334510 2.575788 2.729387 3.078931 2.874076 6.660737 6.535385 4.546793 5.974750 
2.947489 0.982905 1.390328 1.877974 2.396752 0.918884 0.000000 0.977909 2.869915 1.106453 5.095822 5.238224 2.472372 2.864438 3.956589 3.680860 7.669805 7.743446 5.548493 7.053677 
1.202812 0.972625 0.636573 0.851380 1.542204 0.502171 0.977909 0.000000 1.391519 1.079970 4.062930 4.247760 2.702313 2.771416 3.180043 2.634952 6.508671 6.281389 4.752374 5.816147 
0.881167 2.559326 1.404167 1.780121 1.055483 1.697547 2.869915 1.391519 0.000000 1.947678 3.422829 3.522949 3.239465 3.167083 3.049199 1.996098 5.778761 5.527708 4.251894 5.048406 
2.238290 1.323151 1.504739 1.713123 1.934838 1.430464 1.106453 1.079970 1.947678 0.000000 4.413621 4.563075 2.263192 2.402573 4.133105 3.031989 7.059533 6.772748 5.162652 6.333898 
3.392820 5.374337 4.193615 4.088790 3.403460 4.163425 5.095822 4.062930 3.422829 4.413621 0.000000 0.932631 2.912186 2.477875 4.247268 2.561851 4.152994 3.681040 1.143075 2.716340 
3.588947 5.468032 4.325718 4.174026 3.340751 4.334510 5.238224 4.247760 3.522949 4.563075 0.932631 0.000000 3.101526 2.636523 4.344651 2.741315 4.262326 3.617344 1.130086 2.643061 
3.599357 2.710681 3.032810 3.012714 2.920593 2.575788 2.472372 2.702313 3.239465 2.263192 2.912186 3.101526 0.000000 0.469990 3.729094 2.589018 5.794239 5.873959 3.322507 4.738122 
3.291770 3.004985 3.122293 2.949935 2.763250 2.729387 2.864438 2.771416 3.167083 2.402573 2.477875 2.636523 0.469990 0.000000 3.643438 2.344672 5.206245 5.307916 2.754141 4.295217 
3.383802 3.570729 3.062296 3.605534 2.903888 3.078931 3.956589 3.180043 3.049199 4.133105 4.247268 4.344651 3.729094 3.643438 0.000000 1.763317 5.808109 6.003081 3.790305 5.239489 
2.194586 3.679848 2.629358 2.942550 1.781176 2.874076 3.680860 2.634952 1.996098 3.031989 2.561851 2.741315 2.589018 2.344672 1.763317 0.000000 4.898641 4.860323 2.813344 4.138872 
5.779974 7.452105 6.221698 6.400217 5.572205 6.660737 7.669805 6.508671 5.778761 7.059533 4.152994 4.262326 5.794239 5.206245 5.808109 4.898641 0.000000 2.337476 4.556251 2.725760 
5.516122 7.540815 6.136471 6.222749 5.374977 6.535385 7.743446 6.281389 5.527708 6.772748 3.681040 3.617344 5.873959 5.307916 6.003081 4.860323 2.337476 0.000000 4.259132 2.061733 
4.125694 5.869237 4.768680 4.728339 4.184715 4.546793 5.548493 4.752374 4.251894 5.162652 1.143075 1.130086 3.322507 2.754141 3.790305 2.813344 4.556251 4.259132 0.000000 3.031844 
5.031565 6.988486 5.816356 5.707839 4.813049 5.974750 7.053677 5.816147 5.048406 6.333898 2.716340 2.643061 4.738122 4.295217 5.239489 4.138872 2.725760 2.061733 3.031844 0.000000 
