0.000000 2.468052 2.509074 2.965168 3.216919 3.714207 3.915211 3.863861 4.473177 3.211714 4.596093 5.194458 4.245487 4.634509 4.084024 4.108319 4.025604 4.731531 3.284753 3.408721 
2.468052 0.000000 2.225092 2.271962 2.670842 3.768723 3.559463 3.096575 3.997594 3.121827 3.543385 4.338263 4.279546 3.766394 3.873816 3.855672 3.956178 4.377463 3.317491 3.155724 
2.509074 2.225092 0.000000 1.820122 2.014353 2.352763 2.482085 2.324710 2.710754 2.237852 4.529368 5.303593 4.753413 4.865209 5.072657 5.044994 4.982107 5.138500 4.226271 4.283629 
2.965168 2.271962 1.820122 0.000000 2.680262 2.541087 2.663406 2.621428 2.938346 2.476988 4.342484 5.076005 4.438480 4.646306 5.475824 5.040658 5.302229 5.380147 4.361870 4.502907 
3.216919 2.670842 2.014353 2.680262 0.000000 2.236119 2.611634 2.095394 2.774196 2.410119 5.158540 5.443588 5.387781 5.188101 5.344750 4.963006 4.920404 5.771167 4.837859 4.592423 
3.714207 3.768723 2.352763 2.541087 2.236119 0.000000 1.002920 2.019436 1.627734 1.440632 5.388214 5.807801 5.552613 5.313079 6.228548 5.652185 5.778943 6.798681 5.626790 5.304670 
3.915211 3.559463 2.482085 2.663406 2.611634 1.002920 0.000000 1.521734 1.756476 1.533421 5.475515 5.893438 5.769968 5.454335 6.243855 5.826937 6.060765 6.869209 5.752963 5.306890 
3.863861 3.096575 2.324710 2.621428 2.095394 2.019436 1.521734 0.000000 2.427534 1.880560 5.270352 5.326809 5.667977 5.552864 5.829138 5.325722 5.516664 6.538146 5.382976 4.871730 
4.473177 3.997594 2.710754 2.938346 2.774196 1.627734 1.756476 2.427534 0.000000 2.047266 5.244759 5.547231 6.112826 6.126793 6.552483 6.013372 6.366453 6.620181 6.050737 5.859111 
3.211714 3.121827 2.237852 2.476988 2.410119 1.440632 1.533421 1.880560 2.047266 0.000000 5.048406 5.346011 5.255116 5.219154 5.657488 5.284062 5.359739 6.164334 5.188579 5.102554 
4.596093 3.543385 4.529368 4.342484 5.158540 5.388214 5.475515 5.270352 5.244759 5.048406 0.000000 1.492911 3.955574 2.797334 4.657484 4.602184 4.721141 2.873598 4.115028 3.688798 
5.194458 4.338263 5.303593 5.076005 5.443588 5.807801 5.893438 5.326809 5.547231 5.346011 1.492911 0.000000 5.304994 3.759511 4.914018 4.743277 4.923946 4.049394 5.128267 4.614809 
4.245487 4.279546 4.753413 4.438480 5.387781 5.552613 5.769968 5.667977 6.112826 5.255116 3.955574 5.304994 0.000000 2.511671 4.078725 3.916004 3.778547 3.306341 3.304946 3.302762 
4.634509 3.766394 4.865209 4.646306 5.188101 5.313079 5.454335 5.552864 6.126793 5.219154 2.797334 3.759511 2.511671 0.000000 3.972368 3.755053 3.705535 4.050506 3.525647 2.316025 
4.084024 3.873816 5.072657 5.475824 5.344750 6.228548 6.243855 5.829138 6.552483 5.657488 4.657484 4.914018 4.078725 3.972368 0.000000 1.773027 1.848415 4.968009 3.074951 2.931496 
4.108319 3.855672 5.044994 5.040658 4.963006 5.652185 5.826937 5.325722 6.013372 5.284062 4.602184 4.743277 3.916004 3.755053 1.773027 0.000000 0.879633 5.353529 3.457631 2.851099 
4.025604 3.956178 4.982107 5.302229 4.920404 5.778943 6.060765 5.516664 6.366453 5.359739 4.721141 4.923946 3.778547 3.705535 1.848415 0.879633 0.000000 5.004130 3.322224 2.969892 
4.731531 4.377463 5.138500 5.380147 5.771167 6.798681 6.869209 6.538146 6.620181 6.164334 2.873598 4.049394 3.306341 4.050506 4.968009 5.353529 5.004130 0.000000 3.812103 4.268683 
3.284753 3.317491 4.226271 4.361870 4.837859 5.626790 5.752963 5.382976 6.050737 5.188579 4.115028 5.128267 3.304946 3.525647 3.074951 3.457631 3.322224 3.812103 0.000000 1.534686 
3.408721 3.155724 4.283629 4.502907 4.592423 5.304670 5.306890 4.871730 5.859111 5.102554 3.688798 4.614809 3.302762 2.316025 2.931496 2.851099 2.969892 4.268683 1.534686 0.000000 
