0.000000 0.768545 0.850809 1.080361 2.246454 2.116536 1.924568 1.770195 1.894442 2.687263 3.048406 2.620383 3.145280 3.270767 4.123960 3.286809 2.857324 3.304474 3.329136 3.242411 
0.768545 0.000000 0.950336 1.169240 2.267682 1.987960 1.867739 1.596092 1.713504 2.528845 3.071943 2.793348 3.232044 3.209003 3.997757 3.408783 2.723702 3.201975 3.226803 3.108433 
0.850809 0.950336 0.000000 0.988065 1.860022 1.546053 1.521118 1.293605 1.500372 2.173332 2.982220 2.352776 3.165962 3.332556 3.941841 3.339010 2.486248 3.141334 2.981937 2.767944 
1.080361 1.169240 0.988065 0.000000 1.684758 1.977985 1.607341 1.409491 1.570261 2.147748 3.476624 2.836812 3.517332 3.578144 4.539512 3.465194 2.944767 3.352234 3.433979 3.214782 
2.246454 2.267682 1.860022 1.684758 0.000000 1.978831 2.233999 2.082720 1.599479 1.852156 3.377356 2.699950 3.765946 3.738612 3.440936 3.860368 3.038547 3.540258 3.228895 2.805698 
2.116536 1.987960 1.546053 1.977985 1.978831 0.000000 1.292428 1.010420 1.675063 1.501572 3.535184 2.830982 3.653194 3.733285 4.089280 3.688832 2.606360 3.241183 2.984665 2.489774 
1.924568 1.867739 1.521118 1.607341 2.233999 1.292428 0.000000 1.047149 1.988720 1.612107 4.251243 3.512406 4.051008 4.161770 4.991874 4.218604 3.038897 3.811529 3.700371 3.319810 
1.770195 1.596092 1.293605 1.409491 2.082720 1.010420 1.047149 0.000000 1.478426 1.536318 3.763906 3.136482 3.689372 3.780882 4.326705 3.734316 2.704832 3.365037 3.142279 2.799844 
1.894442 1.713504 1.500372 1.570261 1.599479 1.675063 1.988720 1.478426 0.000000 1.533604 3.304440 2.836493 3.584566 3.446777 3.664275 3.677187 2.832505 3.199487 2.771958 2.369777 
2.687263 2.528845 2.173332 2.147748 1.852156 1.501572 1.612107 1.536318 1.533604 0.000000 4.135547 3.519643 4.589954 4.359774 4.580034 4.429943 3.549090 3.838971 3.552383 3.051649 
3.048406 3.071943 2.982220 3.476624 3.377356 3.535184 4.251243 3.763906 3.304440 4.135547 0.000000 1.529639 2.092390 1.893781 2.732970 2.619685 2.463271 2.352947 1.880422 2.666072 
2.620383 2.793348 2.352776 2.836812 2.699950 2.830982 3.512406 3.136482 2.836493 3.519643 1.529639 0.000000 2.273056 2.304735 2.653590 2.739844 2.208189 2.291121 2.505634 2.535081 
3.145280 3.232044 3.165962 3.517332 3.765946 3.653194 4.051008 3.689372 3.584566 4.589954 2.092390 2.273056 0.000000 1.401148 3.041448 2.338428 2.359897 2.163398 2.607085 2.973703 
3.270767 3.209003 3.332556 3.578144 3.738612 3.733285 4.161770 3.780882 3.446777 4.359774 1.893781 2.304735 1.401148 0.000000 3.151489 2.191978 2.661701 2.593881 2.190451 2.762901 
4.123960 3.997757 3.941841 4.539512 3.440936 4.089280 4.991874 4.326705 3.664275 4.580034 2.732970 2.653590 3.041448 3.151489 0.000000 3.688639 3.371493 3.271296 3.086997 3.173478 
3.286809 3.408783 3.339010 3.465194 3.860368 3.688832 4.218604 3.734316 3.677187 4.429943 2.619685 2.739844 2.338428 2.191978 3.688639 0.000000 1.892986 2.374780 2.050959 2.714819 
2.857324 2.723702 2.486248 2.944767 3.038547 2.606360 3.038897 2.704832 2.832505 3.549090 2.463271 2.208189 2.359897 2.661701 3.371493 1.892986 0.000000 1.906900 1.848739 1.988884 
3.304474 3.201975 3.141334 3.352234 3.540258 3.241183 3.811529 3.365037 3.199487 3.838971 2.352947 2.291121 2.163398 2.593881 3.271296 2.374780 1.906900 0.000000 1.942897 1.918503 
3.329136 3.226803 2.981937 3.433979 3.228895 2.984665 3.700371 3.142279 2.771958 3.552383 1.880422 2.505634 2.607085 2.190451 3.086997 2.050959 1.848739 1.942897 0.000000 1.327256 
3.242411 3.108433 2.767944 3.214782 2.805698 2.489774 3.319810 2.799844 2.369777 3.051649 2.666072 2.535081 2.973703 2.762901 3.173478 2.714819 1.988884 1.918503 1.327256 0.000000 
