0.000000 1.442454 1.923484 1.357190 2.301524 2.063204 2.333529 3.186700 1.897489 1.507420 2.730029 2.754006 4.270984 3.704647 3.467439 3.227317 2.847495 4.127454 3.631242 4.384484 
1.442454 0.000000 2.793070 2.023942 2.463577 2.696868 3.242032 3.926581 2.521454 2.160139 3.080483 3.204924 4.787525 4.192001 3.208359 2.863944 2.683653 4.608744 4.283614 4.962187 
1.923484 2.793070 0.000000 1.614361 2.739796 1.397991 1.915041 2.165036 1.844232 1.882587 2.345150 2.169824 3.535356 2.829039 4.228836 3.227966 3.270594 3.044524 2.349569 3.168336 
1.357190 2.023942 1.614361 0.000000 2.693329 1.455717 1.993121 2.932677 2.415815 1.774291 2.655165 2.507279 3.883440 3.263226 3.502656 3.138986 2.890334 3.520802 2.969486 3.952556 
2.301524 2.463577 2.739796 2.693329 0.000000 1.707258 2.672642 3.276867 2.327636 2.560956 3.729274 3.688921 4.247584 4.147024 3.444930 3.508537 3.374107 4.424897 3.972456 4.534146 
2.063204 2.696868 1.397991 1.455717 1.707258 0.000000 1.591709 1.827523 1.921472 1.521413 2.588598 2.611348 3.404678 3.109079 3.759840 3.348866 2.636876 3.188797 2.559970 3.596028 
2.333529 3.242032 1.915041 1.993121 2.672642 1.591709 0.000000 1.907319 2.581746 1.790255 2.334991 2.179329 3.577353 2.847173 4.188498 3.146458 3.568771 2.777332 2.601383 3.459835 
3.186700 3.926581 2.165036 2.932677 3.276867 1.827523 1.907319 0.000000 3.016136 2.235555 2.433537 2.288257 4.286660 3.938013 4.010856 2.849865 4.029619 2.982870 2.253954 3.355872 
1.897489 2.521454 1.844232 2.415815 2.327636 1.921472 2.581746 3.016136 0.000000 1.601372 3.349387 3.247155 5.370233 4.847528 4.348386 3.649439 3.977596 4.882277 4.264585 4.765272 
1.507420 2.160139 1.882587 1.774291 2.560956 1.521413 1.790255 2.235555 1.601372 0.000000 2.180980 2.216730 4.715776 3.731272 4.500995 3.219041 3.558223 3.714624 3.330993 4.340998 
2.730029 3.080483 2.345150 2.655165 3.729274 2.588598 2.334991 2.433537 3.349387 2.180980 0.000000 0.967359 3.531520 2.657996 3.610295 1.386087 3.795043 2.897805 2.645392 3.384855 
2.754006 3.204924 2.169824 2.507279 3.688921 2.611348 2.179329 2.288257 3.247155 2.216730 0.967359 0.000000 3.758112 2.796752 4.064737 1.967100 3.341754 2.814588 2.400927 3.015628 
4.270984 4.787525 3.535356 3.883440 4.247584 3.404678 3.577353 4.286660 5.370233 4.715776 3.531520 3.758112 0.000000 1.089905 4.800293 3.770540 4.064506 2.922837 3.379433 3.677861 
3.704647 4.192001 2.829039 3.263226 4.147024 3.109079 2.847173 3.938013 4.847528 3.731272 2.657996 2.796752 1.089905 0.000000 5.259549 3.428409 3.879762 2.033743 2.382811 2.876257 
3.467439 3.208359 4.228836 3.502656 3.444930 3.759840 4.188498 4.010856 4.348386 4.500995 3.610295 4.064737 4.800293 5.259549 0.000000 2.571651 3.850255 5.134413 4.448153 5.342491 
3.227317 2.863944 3.227966 3.138986 3.508537 3.348866 3.146458 2.849865 3.649439 3.219041 1.386087 1.967100 3.770540 3.428409 2.571651 0.000000 3.805924 3.774265 3.492486 3.876794 
2.847495 2.683653 3.270594 2.890334 3.374107 2.636876 3.568771 4.029619 3.977596 3.558223 3.795043 3.341754 4.064506 3.879762 3.850255 3.805924 0.000000 4.510763 4.143159 4.569316 
4.127454 4.608744 3.044524 3.520802 4.424897 3.188797 2.777332 2.982870 4.882277 3.714624 2.897805 2.814588 2.922837 2.033743 5.134413 3.774265 4.510763 0.000000 1.009787 1.315456 
3.631242 4.283614 2.349569 2.969486 3.972456 2.559970 2.601383 2.253954 4.264585 3.330993 2.645392 2.400927 3.379433 2.382811 4.448153 3.492486 4.143159 1.009787 0.000000 1.586087 
4.384484 4.962187 3.168336 3.952556 4.534146 3.596028 3.459835 3.355872 4.765272 4.340998 3.384855 3.015628 3.677861 2.876257 5.342491 3.876794 4.569316 1.315456 1.586087 0.000000 
