0.000000 1.662999 2.661489 2.267092 1.459497 2.021728 2.846683 2.203723 2.196227 2.925729 3.470382 4.142118 4.914476 4.726839 3.680691 3.714585 4.158843 4.393256 4.964760 5.205971 
1.662999 0.000000 3.046658 1.747740 1.581968 2.061581 2.524009 2.174623 2.423668 3.166512 3.991777 4.758738 5.573856 4.837985 4.402863 4.134618 4.565937 4.513797 5.222611 5.223683 
2.661489 3.046658 0.000000 3.020992 3.030709 3.110469 3.245917 2.839582 3.103900 3.389672 4.203563 4.793697 5.007931 4.454352 4.165705 4.672944 4.430511 4.328914 4.541644 4.924678 
2.267092 1.747740 3.020992 0.000000 2.072643 2.547516 2.252148 1.758943 2.511376 2.607446 4.629811 5.388630 5.907677 4.942056 4.669304 4.768100 4.918610 4.629886 5.073771 5.455493 
1.459497 1.581968 3.030709 2.072643 0.000000 1.788962 2.225135 2.281136 1.944611 2.708776 4.103908 5.007202 5.169206 4.875509 4.461388 4.014354 4.474502 4.698137 5.402474 5.090016 
2.021728 2.061581 3.110469 2.547516 1.788962 0.000000 1.663791 2.125538 1.786051 2.702500 3.869182 4.527105 4.402609 3.581410 3.706836 3.798618 3.550500 3.591319 4.450244 4.151708 
2.846683 2.524009 3.245917 2.252148 2.225135 1.663791 0.000000 1.635551 1.238266 1.718675 5.060430 6.015378 5.827049 5.029310 4.891753 4.997358 5.034377 4.909595 5.859623 5.567012 
2.203723 2.174623 2.839582 1.758943 2.281136 2.125538 1.635551 0.000000 1.208248 2.010060 4.743890 5.383654 5.944256 5.236738 4.543288 5.085658 5.173555 4.969587 5.994167 6.004128 
2.196227 2.423668 3.103900 2.511376 1.944611 1.786051 1.238266 1.208248 0.000000 1.362724 5.025058 6.017306 5.779983 5.122531 4.940235 5.293545 4.941673 4.863371 6.025119 5.572277 
2.925729 3.166512 3.389672 2.607446 2.708776 2.702500 1.718675 2.010060 1.362724 0.000000 5.734973 6.411381 6.875833 5.873801 4.755877 5.731028 6.009540 5.673009 6.250320 6.489044 
3.470382 3.991777 4.203563 4.629811 4.103908 3.869182 5.060430 4.743890 5.025058 5.734973 0.000000 1.608605 3.931723 4.231714 3.093084 2.687624 3.853108 3.687313 3.430086 4.456153 
4.142118 4.758738 4.793697 5.388630 5.007202 4.527105 6.015378 5.383654 6.017306 6.411381 1.608605 0.000000 5.974004 6.165114 4.318435 3.714616 5.820411 5.460535 4.595276 6.548746 
4.914476 5.573856 5.007931 5.907677 5.169206 4.402609 5.827049 5.944256 5.779983 6.875833 3.931723 5.974004 0.000000 2.146081 4.453487 4.123941 2.378829 2.720892 3.251451 2.890218 
4.726839 4.837985 4.454352 4.942056 4.875509 3.581410 5.029310 5.236738 5.122531 5.873801 4.231714 6.165114 2.146081 0.000000 3.865091 4.350686 1.605718 1.267603 2.121232 1.600274 
3.680691 4.402863 4.165705 4.669304 4.461388 3.706836 4.891753 4.543288 4.940235 4.755877 3.093084 4.318435 4.453487 3.865091 0.000000 2.134757 3.674496 3.585931 3.502131 4.342100 
3.714585 4.134618 4.672944 4.768100 4.014354 3.798618 4.997358 5.085658 5.293545 5.731028 2.687624 3.714616 4.123941 4.350686 2.134757 0.000000 3.642062 4.066276 4.374138 4.895913 
4.158843 4.565937 4.430511 4.918610 4.474502 3.550500 5.034377 5.173555 4.941673 6.009540 3.853108 5.820411 2.378829 1.605718 3.674496 3.642062 0.000000 1.364858 2.025083 1.669915 
4.393256 4.513797 4.328914 4.629886 4.698137 3.591319 4.909595 4.969587 4.863371 5.673009 3.687313 5.460535 2.720892 1.267603 3.585931 4.066276 1.364858 0.000000 1.307264 1.214945 
4.964760 5.222611 4.541644 5.073771 5.402474 4.450244 5.859623 5.994167 6.025119 6.250320 3.430086 4.595276 3.251451 2.121232 3.502131 4.374138 2.025083 1.307264 0.000000 1.563191 
5.205971 5.223683 4.924678 5.455493 5.090016 4.151708 5.567012 6.004128 5.572277 6.489044 4.456153 6.548746 2.890218 1.600274 4.342100 4.895913 1.669915 1.214945 1.563191 0.000000 
