0.000000 1.602206 2.002431 1.654840 2.941662 3.208828 2.379687 3.067472 3.256222 3.512669 3.186735 4.622820 4.661803 3.924556 4.617804 5.222978 5.728023 4.436876 4.334046 4.766816 
1.602206 0.000000 1.609798 2.090838 2.929462 2.446527 2.369663 2.584502 2.465274 2.618967 2.894284 3.995637 4.103396 3.347369 3.798935 4.296208 5.031503 4.050795 3.964698 3.712750 
2.002431 1.609798 0.000000 1.515205 1.650466 2.050766 2.376508 1.995404 2.423191 2.790400 2.914281 3.882957 4.036450 3.768371 4.468499 5.320821 5.737381 4.650143 4.948425 4.718263 
1.654840 2.090838 1.515205 0.000000 2.023423 2.573424 2.195481 2.268124 2.615172 2.772939 2.564206 4.071064 4.115983 3.564640 4.595141 5.355327 6.096340 4.657203 4.776591 4.710244 
2.941662 2.929462 1.650466 2.023423 0.000000 1.325180 2.237608 1.660911 1.952342 2.716424 3.688284 4.431797 5.024399 5.156863 6.247173 6.709774 7.393169 5.680899 6.432240 5.950107 
3.208828 2.446527 2.050766 2.573424 1.325180 0.000000 2.722060 1.026615 1.415148 2.047390 3.295987 3.914660 4.265327 4.196916 5.353553 5.718529 6.424165 5.144273 5.401112 5.148349 
2.379687 2.369663 2.376508 2.195481 2.237608 2.722060 0.000000 2.534402 3.094295 3.335377 4.182727 5.376531 5.538281 5.484144 6.295617 6.744877 7.183845 5.491947 6.131447 5.738635 
3.067472 2.584502 1.995404 2.268124 1.660911 1.026615 2.534402 0.000000 1.239112 1.590850 3.399058 4.377763 4.557310 4.454191 5.486183 6.358960 6.991266 5.586424 5.648974 5.547185 
3.256222 2.465274 2.423191 2.615172 1.952342 1.415148 3.094295 1.239112 0.000000 0.994829 3.529928 4.509117 4.749305 4.288200 5.211397 5.600299 6.506597 5.336294 5.465925 5.345625 
3.512669 2.618967 2.790400 2.772939 2.716424 2.047390 3.335377 1.590850 0.994829 0.000000 3.497609 4.697561 4.793303 4.152018 5.280046 5.741914 6.522442 5.603027 5.375943 5.253550 
3.186735 2.894284 2.914281 2.564206 3.688284 3.295987 4.182727 3.399058 3.529928 3.497609 0.000000 2.798175 2.668011 1.815760 3.563066 4.467502 4.741089 3.426883 3.431348 3.619316 
4.622820 3.995637 3.882957 4.071064 4.431797 3.914660 5.376531 4.377763 4.509117 4.697561 2.798175 0.000000 1.237877 2.169390 3.388885 4.295167 4.055936 4.204472 4.098789 3.338170 
4.661803 4.103396 4.036450 4.115983 5.024399 4.265327 5.538281 4.557310 4.749305 4.793303 2.668011 1.237877 0.000000 1.786643 3.130872 4.072866 3.613307 4.105275 3.665883 3.120822 
3.924556 3.347369 3.768371 3.564640 5.156863 4.196916 5.484144 4.454191 4.288200 4.152018 1.815760 2.169390 1.786643 0.000000 2.593305 3.293020 3.446800 3.369376 2.863018 2.467487 
4.617804 3.798935 4.468499 4.595141 6.247173 5.353553 6.295617 5.486183 5.211397 5.280046 3.563066 3.388885 3.130872 2.593305 0.000000 1.524086 1.609724 2.380177 2.294085 2.049359 
5.222978 4.296208 5.320821 5.355327 6.709774 5.718529 6.744877 6.358960 5.600299 5.741914 4.467502 4.295167 4.072866 3.293020 1.524086 0.000000 1.116843 2.517958 1.863868 1.952731 
5.728023 5.031503 5.737381 6.096340 7.393169 6.424165 7.183845 6.991266 6.506597 6.522442 4.741089 4.055936 3.613307 3.446800 1.609724 1.116843 0.000000 2.557269 2.240251 1.838845 
4.436876 4.050795 4.650143 4.657203 5.680899 5.144273 5.491947 5.586424 5.336294 5.603027 3.426883 4.204472 4.105275 3.369376 2.380177 2.517958 2.557269 0.000000 1.658521 1.697263 
4.334046 3.964698 4.948425 4.776591 6.432240 5.401112 6.131447 5.648974 5.465925 5.375943 3.431348 4.098789 3.665883 2.863018 2.294085 1.863868 2.240251 1.658521 0.000000 1.333963 
4.766816 3.712750 4.718263 4.710244 5.950107 5.148349 5.738635 5.547185 5.345625 5.253550 3.619316 3.338170 3.120822 2.467487 2.049359 1.952731 1.838845 1.697263 1.333963 0.000000 
