0.000000 1.675239 1.543022 1.962374 3.144273 3.709851 4.123233 3.782608 3.711474 3.781608 2.465784 2.720481 2.451854 2.642198 3.198552 4.685603 3.125424 3.555477 4.603435 3.037719 
1.675239 0.000000 1.066749 1.600730 2.580908 3.023516 2.721624 2.571408 2.892354 2.772044 2.459418 2.708836 3.055746 3.258240 2.386984 5.452839 3.995515 4.050072 5.386631 3.947363 
1.543022 1.066749 0.000000 1.578751 2.304628 2.847070 3.163204 2.782722 2.771025 2.778402 2.021334 2.107384 3.080941 3.065632 2.945411 5.208183 3.674942 3.653754 5.326682 3.716308 
1.962374 1.600730 1.578751 0.000000 2.103491 2.682193 2.737334 2.693235 2.643577 2.459398 2.795190 3.137121 3.395952 3.632206 3.312429 5.128013 4.024157 4.562259 5.645517 3.970948 
3.144273 2.580908 2.304628 2.103491 0.000000 1.120274 1.861910 1.841872 1.265493 1.749408 2.441778 3.307933 4.161965 4.112550 2.764852 5.546845 4.579119 3.422128 6.094924 4.663018 
3.709851 3.023516 2.847070 2.682193 1.120274 0.000000 1.847252 1.640427 1.024873 1.479592 2.900475 3.428729 4.692327 4.505974 2.384845 5.689733 4.728587 3.839641 6.403945 4.904722 
4.123233 2.721624 3.163204 2.737334 1.861910 1.847252 0.000000 1.056106 1.375776 1.805780 3.672905 4.099598 4.575641 4.897600 2.947897 6.801627 5.804738 5.524541 6.555136 5.143506 
3.782608 2.571408 2.782722 2.693235 1.841872 1.640427 1.056106 0.000000 1.430577 1.801328 3.261968 3.539000 4.371837 4.339150 2.689285 6.035952 4.972392 5.048202 6.064014 4.726805 
3.711474 2.892354 2.771025 2.643577 1.265493 1.024873 1.375776 1.430577 0.000000 1.414538 3.227286 3.647382 4.822644 4.854289 2.861848 6.298112 5.083025 4.772331 6.906765 5.489119 
3.781608 2.772044 2.778402 2.459398 1.749408 1.479592 1.805780 1.801328 1.414538 0.000000 3.751831 3.910954 4.927083 4.993375 2.749241 6.364237 5.034078 5.580641 6.847559 5.296085 
2.465784 2.459418 2.021334 2.795190 2.441778 2.900475 3.672905 3.261968 3.227286 3.751831 0.000000 1.893561 2.888080 2.584019 2.427069 4.469452 3.394855 2.366274 4.865704 3.410851 
2.720481 2.708836 2.107384 3.137121 3.307933 3.428729 4.099598 3.539000 3.647382 3.910954 1.893561 0.000000 3.430014 3.196033 3.251836 4.950260 3.590862 3.954463 5.690463 3.774082 
2.451854 3.055746 3.080941 3.395952 4.161965 4.692327 4.575641 4.371837 4.822644 4.927083 2.888080 3.430014 0.000000 0.955738 3.579699 3.882717 2.972160 3.978059 3.083050 1.706986 
2.642198 3.258240 3.065632 3.632206 4.112550 4.505974 4.897600 4.339150 4.854289 4.993375 2.584019 3.196033 0.955738 0.000000 3.579340 3.269836 2.517447 3.406822 2.915383 1.495512 
3.198552 2.386984 2.945411 3.312429 2.764852 2.384845 2.947897 2.689285 2.861848 2.749241 2.427069 3.251836 3.579699 3.579340 0.000000 5.118974 3.959693 3.514130 5.511334 4.178942 
4.685603 5.452839 5.208183 5.128013 5.546845 5.689733 6.801627 6.035952 6.298112 6.364237 4.469452 4.950260 3.882717 3.269836 5.118974 0.000000 3.360481 4.933522 3.957652 3.304857 
3.125424 3.995515 3.674942 4.024157 4.579119 4.728587 5.804738 4.972392 5.083025 5.034078 3.394855 3.590862 2.972160 2.517447 3.959693 3.360481 0.000000 4.197695 3.975653 3.160501 
3.555477 4.050072 3.653754 4.562259 3.422128 3.839641 5.524541 5.048202 4.772331 5.580641 2.366274 3.954463 3.978059 3.406822 3.514130 4.933522 4.197695 0.000000 5.341646 4.396779 
4.603435 5.386631 5.326682 5.645517 6.094924 6.403945 6.555136 6.064014 6.906765 6.847559 4.865704 5.690463 3.083050 2.915383 5.511334 3.957652 3.975653 5.341646 0.000000 2.294302 
3.037719 3.947363 3.716308 3.970948 4.663018 4.904722 5.143506 4.726805 5.489119 5.296085 3.410851 3.774082 1.706986 1.495512 4.178942 3.304857 3.160501 4.396779 2.294302 0.000000 
