0.000000 1.686631 1.459993 2.033689 1.825245 1.749948 3.136429 1.653193 2.071158 1.952288 2.636869 3.080410 3.712516 4.506436 3.577106 4.195090 3.747162 4.225474 4.107782 3.963650 
1.686631 0.000000 1.641253 2.014095 1.714261 1.025373 2.933058 1.533723 1.728180 1.426095 3.189187 3.567878 4.172827 5.316350 4.275225 4.020781 4.465400 4.348603 4.752434 4.574010 
1.459993 1.641253 0.000000 1.574757 2.009389 1.696942 2.444630 1.622048 1.756931 1.767131 3.886647 4.556186 4.797428 5.385132 4.154227 4.198913 5.064031 4.812787 5.064016 4.848194 
2.033689 2.014095 1.574757 0.000000 2.393391 2.327357 3.159579 1.563902 1.426345 1.619587 3.422417 4.314197 3.469562 3.922675 3.338328 3.497068 4.107182 3.849946 3.935055 3.716292 
1.825245 1.714261 2.009389 2.393391 0.000000 1.380011 1.817306 1.566301 1.750930 1.455075 3.567116 4.528042 4.604278 6.191018 4.644286 4.511987 5.053406 4.695412 5.116477 4.969393 
1.749948 1.025373 1.696942 2.327357 1.380011 0.000000 2.041942 1.191589 1.489800 1.114540 3.219771 3.704585 4.373763 5.624676 4.322047 4.059351 4.610859 4.303097 4.922587 4.748829 
3.136429 2.933058 2.444630 3.159579 1.817306 2.041942 0.000000 2.269743 2.246683 1.685643 3.946334 4.787106 4.990365 6.782518 4.758497 4.444501 4.894654 4.704972 5.444946 5.581216 
1.653193 1.533723 1.622048 1.563902 1.566301 1.191589 2.269743 0.000000 0.857611 0.951099 2.669135 3.301990 3.837102 4.936976 3.332572 3.314157 3.787192 3.551685 3.899230 3.865699 
2.071158 1.728180 1.756931 1.426345 1.750930 1.489800 2.246683 0.857611 0.000000 0.820654 2.854875 3.476064 3.465117 4.794185 3.124130 2.811172 3.600357 3.253322 3.559193 3.473205 
1.952288 1.426095 1.767131 1.619587 1.455075 1.114540 1.685643 0.951099 0.820654 0.000000 2.628901 3.282751 3.334303 4.705531 3.542765 3.131208 3.745465 3.614099 3.918549 3.919527 
2.636869 3.189187 3.886647 3.422417 3.567116 3.219771 3.946334 2.669135 2.854875 2.628901 0.000000 0.805975 2.534562 3.824844 2.995663 3.299636 1.223383 2.271926 2.773235 2.762884 
3.080410 3.567878 4.556186 4.314197 4.528042 3.704585 4.787106 3.301990 3.476064 3.282751 0.805975 0.000000 2.984572 3.906082 3.418228 3.638180 1.564767 2.527823 3.071789 3.077893 
3.712516 4.172827 4.797428 3.469562 4.604278 4.373763 4.990365 3.837102 3.465117 3.334303 2.534562 2.984572 0.000000 2.761322 3.391338 3.188846 2.329097 2.664179 2.371840 2.265745 
4.506436 5.316350 5.385132 3.922675 6.191018 5.624676 6.782518 4.936976 4.794185 4.705531 3.824844 3.906082 2.761322 0.000000 3.319628 3.824392 3.231345 3.415808 3.010724 2.691323 
3.577106 4.275225 4.154227 3.338328 4.644286 4.322047 4.758497 3.332572 3.124130 3.542765 2.995663 3.418228 3.391338 3.319628 0.000000 1.342117 2.343420 2.294859 2.137917 2.093009 
4.195090 4.020781 4.198913 3.497068 4.511987 4.059351 4.444501 3.314157 2.811172 3.131208 3.299636 3.638180 3.188846 3.824392 1.342117 0.000000 2.701959 2.648517 2.011618 2.018881 
3.747162 4.465400 5.064031 4.107182 5.053406 4.610859 4.894654 3.787192 3.600357 3.745465 1.223383 1.564767 2.329097 3.231345 2.343420 2.701959 0.000000 1.641047 2.270919 2.329630 
4.225474 4.348603 4.812787 3.849946 4.695412 4.303097 4.704972 3.551685 3.253322 3.614099 2.271926 2.527823 2.664179 3.415808 2.294859 2.648517 1.641047 0.000000 2.150893 2.193511 
4.107782 4.752434 5.064016 3.935055 5.116477 4.922587 5.444946 3.899230 3.559193 3.918549 2.773235 3.071789 2.371840 3.010724 2.137917 2.011618 2.270919 2.150893 0.000000 0.883355 
3.963650 4.574010 4.848194 3.716292 4.969393 4.748829 5.581216 3.865699 3.473205 3.919527 2.762884 3.077893 2.265745 2.691323 2.093009 2.018881 2.329630 2.193511 0.883355 0.000000 
