0.000000 1.362648 2.722833 1.052291 1.823233 3.027091 2.002014 3.086935 2.581684 2.088039 4.588860 5.808095 3.121630 3.739936 3.112351 4.335110 4.952849 4.553546 4.284358 4.083042 
1.362648 0.000000 2.152872 1.776061 1.913770 2.507693 1.747185 2.834197 2.116943 1.680378 4.526018 5.352452 3.481491 3.918071 3.599575 4.741932 5.360606 4.218952 4.154269 4.008930 
2.722833 2.152872 0.000000 2.900908 1.139440 0.955206 2.757935 1.303029 3.464108 2.857076 5.401818 5.717223 4.554569 4.798095 4.328948 5.259300 5.769783 5.595878 5.299509 3.429436 
1.052291 1.776061 2.900908 0.000000 1.725428 2.630009 2.206755 2.671388 2.494965 2.424418 4.373993 5.699944 3.140379 3.610423 2.988421 4.414216 5.067173 4.537900 3.921175 4.062248 
1.823233 1.913770 1.139440 1.725428 0.000000 1.292176 1.956042 1.030934 2.843536 2.287946 5.133864 5.700686 3.459444 3.869126 3.418292 4.534066 5.262727 5.327584 4.518248 3.408733 
3.027091 2.507693 0.955206 2.630009 1.292176 0.000000 2.510060 1.054981 2.837086 2.646572 5.733662 6.452618 4.832416 5.221547 4.407394 5.588469 6.179165 6.425097 5.184143 3.490998 
2.002014 1.747185 2.757935 2.206755 1.956042 2.510060 0.000000 2.485149 1.709999 1.344667 4.967869 6.962913 3.611511 3.942075 3.917155 4.781510 5.597005 5.549694 4.399742 4.032990 
3.086935 2.834197 1.303029 2.671388 1.030934 1.054981 2.485149 0.000000 3.262911 2.903021 5.877192 6.898978 4.377843 4.829834 4.124910 5.296660 6.210002 6.663870 5.289169 3.706530 
2.581684 2.116943 3.464108 2.494965 2.843536 2.837086 1.709999 3.262911 0.000000 0.994168 5.467443 7.364303 4.217250 4.314429 4.467420 4.824054 5.789324 6.177887 4.241153 4.471290 
2.088039 1.680378 2.857076 2.424418 2.287946 2.646572 1.344667 2.903021 0.994168 0.000000 5.281370 7.036437 3.746829 3.771592 3.932393 4.288991 5.139445 5.884861 4.134753 3.971076 
4.588860 4.526018 5.401818 4.373993 5.133864 5.733662 4.967869 5.877192 5.467443 5.281370 0.000000 2.721026 4.017170 3.622056 4.452268 5.551775 5.903527 1.992720 3.318441 3.383839 
5.808095 5.352452 5.717223 5.699944 5.700686 6.452618 6.962913 6.898978 7.364303 7.036437 2.721026 0.000000 4.914620 5.162725 5.570906 6.809414 6.957627 1.783730 4.086543 3.829839 
3.121630 3.481491 4.554569 3.140379 3.459444 4.832416 3.611511 4.377843 4.217250 3.746829 4.017170 4.914620 0.000000 1.290144 2.123963 3.910473 4.016865 3.021875 2.790861 3.524724 
3.739936 3.918071 4.798095 3.610423 3.869126 5.221547 3.942075 4.829834 4.314429 3.771592 3.622056 5.162725 1.290144 0.000000 2.813044 3.273613 3.421865 3.273509 2.517989 2.989143 
3.112351 3.599575 4.328948 2.988421 3.418292 4.407394 3.917155 4.124910 4.467420 3.932393 4.452268 5.570906 2.123963 2.813044 0.000000 3.777876 4.015724 4.153493 3.732007 4.024919 
4.335110 4.741932 5.259300 4.414216 4.534066 5.588469 4.781510 5.296660 4.824054 4.288991 5.551775 6.809414 3.910473 3.273613 3.777876 0.000000 1.700539 5.566719 3.459154 3.531229 
4.952849 5.360606 5.769783 5.067173 5.262727 6.179165 5.597005 6.210002 5.789324 5.139445 5.903527 6.957627 4.016865 3.421865 4.015724 1.700539 0.000000 5.696067 4.228323 4.275303 
4.553546 4.218952 5.595878 4.537900 5.327584 6.425097 5.549694 6.663870 6.177887 5.884861 1.992720 1.783730 3.021875 3.273509 4.153493 5.566719 5.696067 0.000000 2.627455 3.161230 
4.284358 4.154269 5.299509 3.921175 4.518248 5.184143 4.399742 5.289169 4.241153 4.134753 3.318441 4.086543 2.790861 2.517989 3.732007 3.459154 4.228323 2.627455 0.000000 1.367727 
4.083042 4.008930 3.429436 4.062248 3.408733 3.490998 4.032990 3.706530 4.471290 3.971076 3.383839 3.829839 3.524724 2.989143 4.024919 3.531229 4.275303 3.161230 1.367727 0.000000 
